4096
-55 -41
91 37
94 43622
26691 -56
6456 8341
-25 -76
-89164 -4936
48099 5449
35 -45
-76 -1707
-22377 7270
-36876 -27
91 58
-53 80355
-76972 -3567
625 -76728
69 62643
97 -43007
-45 -16
4422 23314
83 64930
39540 -9926
-6766 47018
-66 -48985
76488 62
99 19309
8149 76757
-42154 1918
96953 51265
-62 -73
-93893 -80
8710 80035
23681 -94114
24 3
33 -9924
24286 20208
-40899 3314
-14060 2
48725 -25
-40 56
-8502 1663
1060 44730
-10000 82826
-19992 38
68481 50156
92562 8251
-36315 -70
-55061 -9630
46811 -85
26 -69499
-88595 -947
-28 75222
-4711 8343
-97144 -4249
-9781 59081
-9897 -99772
-68 23
27 -5221
-1349 919
64 -24
-82026 90
-7815 -8221
9 -89727
2007 54532
-56 -7094
7510 -61
72110 423
-3181 -8668
-77185 -46270
43 -4593
-9419 89
-3602 -35812
4333 -32871
-548 -8991
40 33
54232 -23
280 -78
-63814 -49435
5880 31
-61 -89085
95503 -19
7406 -49
-95622 -89547
19423 -2408
2432 -17467
64 76
69 -5893
-20601 -43
91896 8421
18810 4736
-30 -69757
-28984 1711
-69909 -80
58 93798
-5034 -8585
46830 -99127
-31 -63
-32334 67468
3313 -15
89092 -91931
92 7257
9897 -57968
6232 3917
67 1575
31 65
33 -86
-16364 72
-10 -26599
17175 62270
-6 -21525
-40731 6855
50 -1382
42805 17
-5712 -62
95 7896
43 -86
-39 -78
4165 4885
-19 26840
4252 2218
38038 -84
-9002 -88656
-4718 5051
-60 -63029
67 -62
5009 -4260
-6971 -54066
-96256 -66165
25 6722
1727 -82
8968 -14
3338 -61171
-93 -67
-7791 20054
9998 75
29935 11
29433 -97956
74075 -5668
-67971 -76682
-6533 8511
-31859 -5244
7770 66
-3809 8283
-38301 70524
6060 46
-95941 -39801
4160 38831
-98573 -20328
59 -77902
48518 -98307
39082 -2179
13824 93
-88 3010
-6122 98749
-851 -4858
7257 9674
-58 44939
-69587 9029
72033 -4982
-37714 -90119
2092 95
8820 60605
1869 7199
12172 5427
2 90
51455 6147
34 -89
1514 -2293
20 -72071
-79914 79128
42608 28
97937 -63
3301 66282
20991 -9466
-90660 2683
26465 -67
10637 -80031
30639 -5236
-53773 -55903
5325 94
8282 -44740
29467 -43683
-4471 99828
95870 6838
27105 35
-40416 -95
40096 40791
82 -63169
7651 -1864
-29 -54
71496 25
-73678 13270
1786 1018
4042 2280
4961 -33386
-100 24
-95103 73
-1388 -59
-18 1248
-5833 8606
-22687 -70
80391 66
3287 -16466
-77 -88
-100 84516
1442 1512
-2693 17
-73877 -69264
85 42
9 -41000
4434 -92881
-32308 98
-79334 3270
-67 29894
-1504 -39
29 60832
-8405 -3650
-83161 -39886
45315 -735
20 7482
15 53015
1880 6102
-34334 -17592
41831 -49719
789 7
98197 -6239
-49 -41593
3444 32344
86 -42971
-26299 -76
28 -80
9678 52271
-84466 19
-52010 99
-1087 -81823
36230 55
-91539 3
69478 27800
-15805 15972
-1498 -98
-5142 -33
-87911 26
-68325 -8173
55 82225
60034 148
4922 90955
-56518 3144
-6400 9230
-84949 15467
-3621 -1035
-2468 27236
-6558 659
14264 31108
821 -1
-39 97832
8407 36802
-32 -22249
5871 4895
35 -97694
9230 96965
77 -4609
-5778 -66
50250 -34551
-9202 -94
5784 3018
-4 -7960
-75692 -32
42594 -28787
81641 9614
1970 -63555
-1131 8092
-46 -34
7 39964
-41777 2104
-3212 24
-83 -8553
-23839 -82
-6 -64622
-65507 61098
-73 -20891
-87512 33415
-14837 87
3 -50002
1396 30437
-8918 -94294
-8329 94668
-24 61
-45498 -6659
-82 2916
-73 -4327
-63 -9747
-67666 -1930
-75 -6156
-47385 33
-16274 53396
-42703 -62393
-19304 -93731
-14 27025
-37432 85
99624 2744
-7151 34
-12426 10808
-9106 67
-2967 9624
-13 -66
-57493 -6094
-7885 -37
-4698 -79800
72902 -38
-7558 -2168
47495 -1096
-4353 -16144
-15 -18
-65195 -100
2060 -10
-47282 -92
914 -5719
-23 -9988
4505 1878
-117 52
3588 18
-6121 -19
3980 -21274
7394 8141
-88 57534
1568 48922
70981 20640
76 -78
-9924 67
5139 35298
-63000 2
-4895 62819
-4670 -86734
-31 9505
-76 -76752
-78 3977
3527 37
-74790 30
89 -18
61337 71460
-47 20140
65376 89
73 9401
-34 16036
25204 61
25 28302
37444 -3742
-37349 -67032
-49378 -1229
-81 -17
-4696 35982
45411 9011
-62 95
11 1285
21367 9328
-68279 53
-83170 -73
-87 37248
-2098 -93
-64 7899
-87793 2819
89002 7117
-7583 5294
-2678 8618
-6128 53956
46 -46468
-7692 -71600
-43 -8992
3999 38604
-51 82
-25160 -2469
2855 -87258
63112 -91142
89 -8540
-1287 -67731
-3539 57
-36352 84
6145 18
35016 -7800
-67413 7814
-7 1636
2503 83
-57 -7340
6798 -5
85416 -8526
61 36
53681 66
-53289 -36090
65857 0
-83 3140
-1048 -97
-7144 -7650
-9535 23
-35 8174
-73664 52690
4625 62931
-8813 20094
-7 1987
-21934 47400
-3378 -15709
-63 -7398
84 1
-88485 -7788
-4742 96
-14595 -50151
-9453 8626
85 79941
7463 -62
96 78
15236 -976
-91 3485
87226 -8506
-68531 -12922
5699 78262
5787 47
-57727 -70985
23346 -3346
14384 -3303
-1 97
78235 1830
-77 634
82 -40614
-6302 -60
86729 -96492
-75238 36715
6221 -6216
8310 4386
-45 9520
-97759 -48
29095 -45
-69962 44
57239 -1983
-77352 -4748
8760 55740
-97 -51
-89 -88263
21571 15459
59066 8299
-86 77
29 1737
40661 -51488
-33677 250
-31884 -5473
1159 -98558
-5335 -15
23681 1800
-85385 64
-36 -28
204 -33271
-65067 9346
39 -4805
-97 73
-5234 7168
-82 76
-10 -51354
-70 23721
-1232 -82
-8031 78
81 -74
-68 46
69016 28293
-75713 -62
6830 -901
-6559 451
89454 87086
2608 -66441
-1331 -47
-3136 -18217
-1662 4578
-2806 20
1225 -5935
16996 -6947
79576 -61
63599 -1347
-51080 -82
-59 78039
-46408 3450
-15019 -26
97467 97
-6265 7351
-74222 -61346
-15 1353
-74549 52771
-62965 84
83 59
71776 5293
51176 26343
-43034 69544
-83968 39
-65628 56
62 -6904
36877 -4
90429 61639
94 -9308
-82671 32204
4 62316
-4244 -79
-96864 544
-53348 -5489
4510 65256
-24 -8851
-6258 1024
28128 -22966
-10248 -30725
5612 4261
-72955 19
-5693 -921
-21 8538
71 -52223
29 -25
-53225 15
64039 -25
-76567 93391
74 12449
-18 51087
8952 6361
-51214 -27766
-26 -73850
-835 38
71 -2191
39212 -96027
-22294 -797
10531 84
49250 18457
58314 73
78 -9811
96964 -86
-2 -33
-95707 -71
194 -69898
-67 79
6947 62085
58 85151
-33253 2493
78665 -69853
20073 -1653
91 167
-33 -74850
-92 8544
-20611 22
96370 -43492
-7224 58
-70749 -37
-6976 -74
95750 -60085
-8347 9086
37330 -65
-51933 29
-75 3447
49022 57214
14 1249
53 3134
33 -86
-9367 44580
-16311 -92439
-2263 5395
62717 -5218
-92 85020
-12990 -6792
93 -1593
-68 -56259
-1989 82
7015 -74
7893 2857
-21673 51786
-4339 2983
9563 -7276
-49831 80
87 6656
72 -4162
-5930 -14832
92 95977
-7015 1463
-53123 -7957
-13416 34
86 38
-3953 93
-84711 -1632
-56043 -46480
-98 1209
29223 5399
12830 88218
-9114 53
-29 94631
-62769 906
-80397 77408
4114 -93
17 -59
3557 -4805
-58 70
9380 25239
-68815 20
9850 26165
55 37263
-7569 -8940
-32676 4168
-4 6256
7806 83266
38159 -12917
48358 49
25474 -8780
-39991 -3439
99484 -6153
55 16824
10 14881
9144 37062
-1266 25527
-1 -57
-49 80
-63 -23
-3185 -6667
47 44684
-4394 -7737
-15483 43423
-69526 -79
98 8768
78 69
-94 -30
58 -6009
-92768 74
90117 28
-96233 -26
-92621 44
-37891 -19
61 -3579
-6751 -28476
4519 89
-9764 60264
8928 59216
54 -28
-64193 -4454
75631 -83807
-14 -1915
100 5500
90323 87
-6 78
-37 -4625
-60811 -5483
-38 18371
2698 -40235
-41950 61715
522 -11079
30 2665
43171 29
65 -1322
54 7396
0 -12774
-82 -78978
-87 72404
82 6624
3770 2877
-4594 -2542
5324 -5189
74 -39240
98 3160
8881 106
-4347 -8383
4613 67449
6365 -6689
-438 -5
-5843 5333
90961 42
86 -68851
842 -96061
-77 -10274
72748 -2824
7574 -62
8666 -60
-48 30
0 -89640
6239 8412
-5627 70456
79 -1
-26 -22909
76 54352
88 -89
34 30777
-9935 -3812
70 -7486
-428 -38467
45 -943
-69 -72
72316 80391
-2436 40
-9348 -6343
-94 893
3321 84308
72169 -68926
-2858 -88
2698 10697
33 -5098
10436 14
67 -47
-48 -85413
-70 -39
-36146 46
10 -1332
6356 3113
100 6800
13035 -87
-21685 -32667
8155 -53
2180 -8818
-17 6
-42 5447
47737 -39
-89 8681
100 -11
61 -65
-3847 62
-88 2814
69047 -42568
-806 93
-19 -77378
-8571 -2542
-26 68
-15150 76805
66 -3085
35945 -24118
72 -74447
84409 -81
25471 83
-6735 38
82 -3950
45211 -5623
-57 -2861
9710 -27182
-43190 5044
1443 63540
-46735 33
-288 94
28 24331
66 -63
-93430 -95257
-5164 49
76433 -97
-79865 4951
2758 -2205
95 5947
71 72
-94439 -59691
-8859 15
-358 -1734
99736 -30254
-28 -37
64183 34
-86 22
3682 -29277
-4756 -58155
-5950 -83676
3445 5443
-3117 7416
-24 -2987
-7492 2963
-118 -3547
-62693 -5573
-78 -3496
3456 6413
50100 86
53280 4156
2311 0
22489 -35
-10854 18173
-48136 -76
-2899 -10
-37 65
49179 42
9181 51
10 42732
2618 -8112
95 -58285
-5415 -1591
91 58392
84599 -9091
902 -4829
30756 -5682
7142 -33
-42992 33573
-28362 9273
-17598 8682
-63197 -65
34 -11841
-78676 47
-10 -6769
-64912 9138
72402 19955
2199 -33
67874 -4906
9783 40
20307 -81
-28896 -7806
12 -4540
-33 9273
81 -78
-8861 1412
38790 17522
2343 -31011
2719 -2
10 -23896
-98488 -95
9196 1872
-70 -3582
-8 -49
55960 -2931
-59960 81528
-88320 -800
-83 94
-55370 77100
57 5641
-99565 4810
-47768 39375
3958 -94
-3748 -3264
-879 -65932
9931 -34
45239 4889
-50666 -3308
4638 -61647
-15 80779
100 -22102
-53940 8029
-5 -36
36 -10
16744 -12
60 7420
97922 -21968
9919 -85609
-4120 23858
-5323 -16
-1217 62264
10298 -59
-55 95142
-7601 9260
-75 -62263
-80 -47
80172 3988
-71516 62081
30 -76084
-69 -13
-7790 43676
7870 -25
-74 -16872
58919 -39328
16 40
0 7177
-54383 -9059
22 4442
7478 62
-7 22
26416 7583
-9463 4681
-77408 48
-5929 5265
-36 -8
-44 -37
57192 7755
-35803 675
3085 56
5390 47
96 232
65 35
-38691 -8456
-6504 9598
-19135 13060
1411 12
-78 59497
-62 -55
-33 8004
31138 -75901
7639 3291
7904 9088
-75626 -2184
77 -29
-4139 -9683
-65112 -2404
-14511 -48
14502 82
81414 9604
41 8123
-85605 92
96 -8633
-8 -7848
2264 -80
1623 39345
-74250 39738
84997 -68083
-2760 90824
30855 25
-5450 -44
-27 -6183
35217 -13
-6169 -47708
6246 83068
80 5274
-90385 82342
72 80547
-47524 53
49 4834
32 -43144
-14 59
25 -98
-8816 -25868
71811 -3001
40 -13451
-9239 -71017
58 -10
3154 -50819
-76988 -1879
7140 2395
-9574 -80
-36235 -6817
-3235 -6383
-64203 -4
58 4302
-53614 7017
-94 99499
5038 -76223
-3418 19115
-1414 98
-4086 1412
-8 77
-8679 -2283
19 -67037
1494 78
-8267 2073
2017 48727
-60928 52
68 -28638
95611 90
71598 -1242
79 19912
-46 -51
-30 51
92133 39
14 -8617
22970 4117
-9 -11
9046 4202
48 -25021
-9391 -1128
41148 -78197
22 -73
1549 2319
-556 39
-63811 27
96532 3658
-65125 99759
-7194 -64615
36 -83601
62 -19279
88 8080
-9676 36352
61 70
598 68
-55655 12125
-33 -78
55 -86526
-44450 -3959
-59 -4
4319 54377
529 8723
99042 35
40887 -92
-98 -2
-30436 -5954
36 816
-9371 81
68720 8365
2475 68917
35 17177
-16775 14
20401 -758
26 -33
-56 -3588
45 69428
-26 -3584
-39 24748
96 -5491
-33239 -68
5551 2187
-55551 23286
65813 -48218
-3679 34
68493 14736
-29 9288
-95702 -7
51 -51469
-42 -81414
-2108 -2
-5839 -29928
22025 -77459
77230 -28
83 65320
-3 -35595
-94 -47
1159 -3063
-89998 -36946
-9 7409
75756 -24906
63131 -35501
99 -61112
83 1680
72977 -88
-4857 -8914
-6325 -95
-65 -988
-2890 98
-29632 -69
-63005 -9838
8859 -54
67053 4857
36 -16966
3835 81882
-5259 -47064
39681 77
827 47
3244 -58
-32998 74
-55285 23
-88 -2857
83 -65
78299 87221
63105 -50988
-26750 6416
-28442 37143
2794 1553
-1192 40441
-93288 -16106
28744 77
-63 -30585
-11509 89
-9232 32
80357 54
20710 27
27 -28975
65 37
-73414 -9128
4841 1202
-17694 -51
-89454 0
56 54
77 -5887
5 10638
69 -4987
9470 82
-3672 54
66 -60713
-62575 22
-12432 3501
59 47214
-59 -21360
-29885 -36
1850 8560
-62730 47454
5875 4743
-8407 -8843
-18722 9506
60233 -865
84871 -7204
31540 86922
62 34
100 90
94856 -3212
-2201 38271
-7 96460
-95 58503
20 -63
24274 -83740
58 -8345
63 189
-93 94183
-38 3672
-14329 79573
30583 2703
35900 4121
-63695 -90
2275 -37912
82 5079
-4966 4565
6782 -25725
-55 -66
364 65
-8644 89
1428 -3711
60 76669
-46 11257
-95743 -55
-52 46389
75555 -8
21 -73
-82 94101
5241 49827
24 12
-2846 -8730
-8498 -7236
-29 -4448
18 -12882
92 3974
76 -7928
74871 -89
67 -5899
-48459 -84
683 -62056
-6979 -63756
-6444 6125
2474 69640
-3512 -7759
21 1698
4474 -5179
-10 -4349
-39 -88328
1054 87930
-47763 666
-90 -92
4 32
-7911 92311
-88 4429
-5128 7255
-55644 -2269
-9194 96
-72130 -53805
25 57
-2888 -80392
2384 85
1386 82770
-9267 -9364
7 -48
6533 31999
-62189 63912
-24 23
53 82920
51367 -7464
5714 -40654
48 -7460
6238 78
26952 71203
-6143 1107
-48 59358
82178 -72
-8430 -5375
26 -87062
48530 -300
18 80909
5190 -20897
-5869 -87993
-1409 -586
-4135 -78
7563 2696
-2103 2708
83265 84092
80 -2346
-33012 -93625
-5464 9623
33743 92769
-58943 -44
45 5
36800 -72342
-7166 70
-3156 -8118
58441 -6
1426 -42359
-32029 -4017
-67 33097
-52229 -12
-71106 -88
94 6159
4525 -44880
4025 -8095
-1359 -92674
53468 76284
-7934 1
930 89566
-78669 5973
-38907 26
82010 43
-53686 35326
-7 3174
3457 -93
-94 35951
56390 33
-8658 -100
16 -68879
4675 90711
33052 -78452
43 98
49937 77773
10245 -1806
-5209 9421
-57 -97
-5690 -76
-91548 75
-9840 -100
-51 -32
-75 -63
30131 4390
-68642 -53313
-6501 -35568
-27466 49
-25 -9936
8204 7
44001 -39653
3432 -99868
35 7484
-12234 14214
-2787 -70
-63945 4219
-9106 -6577
55 15898
52 -85
9415 -4323
3294 48640
3903 -2801
-7598 485
-15633 -60490
-55416 -6753
1504 -5570
9 -29
3 -8265
2093 59
44 -22789
-6142 -88
82 7991
3634 -5470
-213 -82
52586 -2583
-9685 19
9 87
0 14140
-58 4
73904 62208
-571 3351
34 34
73043 -8984
-58823 53049
64753 7371
-44721 630
49663 -6966
-78 46
44 1824
3077 -21192
33422 3233
8196 -22758
37 9241
27 -1226
55234 2345
-89 23
-56760 -10
8837 -74
-1268 41538
4640 33555
-87 -29
594 -7687
4754 4
74 -44945
-7336 -54205
88 -9525
47 -82
1090 78270
-99408 -6614
-7370 -15
-4979 96053
-4559 5055
-95030 29026
4 56
84 7189
-7 -71651
1917 77410
14 -9750
-36584 9413
-8262 84749
-83 41113
-60471 -16611
1386 -75886
29 3679
67241 -7842
65513 -2590
53729 -3409
22517 67
-83986 81
-16216 -34354
665 81
2077 -9398
-74440 -2966
721 -52622
-92945 61559
-94 39
-93098 -9534
90281 -75
-51038 14176
-6656 7715
62 199
70 45073
21580 2873
-2518 -21
-97143 -30
-27 4438
-6592 -23137
60341 -74438
20956 43
94218 -8499
-15473 7
7601 -5835
-2116 -37894
-81101 1842
7245 -14
7999 -6944
3587 -4170
24 -87
8084 -1150
-84 -504
-563 6695
-93171 -72332
62 1807
71328 9009
-2387 80
34 75
64731 5120
-79358 9501
-68813 -63851
25450 28751
-72784 88
3526 61962
27 3
-34 93
-5038 -7038
-32 48
33 71
-29 -8794
52 -35061
65951 -8242
57058 -3815
17 9097
82613 53
91 -31354
7335 -87
9988 29335
-23378 -30
-4686 20598
63062 81
-99 0
-2931 -70
34640 63663
-6100 -66
80679 -9110
7 -31
-39340 -7816
-1842 -9749
-3060 73755
-49746 -15
18808 81
-3634 -78889
-38368 80
-42586 21069
-61502 -66035
-1191 -68515
39 36
69 -91
279 52
37319 -72
98448 -13
-21 66197
608 -82707
79122 -9660
67746 6984
-165 48805
-94 8091
5026 54
719 1654
16 -70054
4116 2552
9393 -67
68454 73
6455 -74723
-3446 17119
-4390 -7689
-96 90666
-46094 6935
45037 -87
-4 -5484
-23 -40
-3888 -34
-56 -37194
87 -1906
10 2
3710 74
-7947 1
-39447 -98496
43 -92529
6321 -17
76018 -40
-3338 39
-6019 -6
39 -2599
-95 -31244
-6405 6557
-80 -8865
-34 8283
-6695 -95
37 -48258
92024 45980
-71 21533
-92346 56197
-71 -36
49733 -41540
-71623 71692
-50665 6920
23492 -76
644 -3800
-79 -2080
4153 826
-80745 -100
-7772 7548
99 -3590
-40 -4603
5739 37359
-7288 -4455
-79 -5434
-6364 91
92605 2810
-3867 -81
93191 -2347
81946 71
-49640 -71
98789 -6
39 -55
-54384 -82
64 -57512
41299 -79
87 9350
87170 8961
23340 22
4152 -92
-85 -55
-27615 -100
91 64588
-16547 -47
8 29655
-1119 -36
-8 -62700
-3701 -57491
-4023 5751
-33926 -8014
-56963 -709
96276 87737
36192 -46482
-36 -51466
1371 -4965
-35 76
-87753 26
1944 -25
50 58065
-30 2
8 -2280
35 3255
37788 -18263
-7138 75
-48649 -25
3258 -33464
-17374 60927
6265 24
-7511 -70266
-92440 275
-1949 7
-6 15516
-8665 -5013
8902 7480
11570 97188
38 -9393
57147 -29
8741 -936
-9376 97
9436 -4090
68964 -8904
70572 83
-1897 -35745
-31951 -1262
-48910 24786
5 40
-98220 -41117
-8916 -58283
5084 -29689
898 47540
36318 79120
3241 -28
-72360 -33129
88319 -22594
4753 73
-34796 -99
-61 -23
-3651 -1508
-2943 2395
40632 1608
-23347 -4006
-76628 85548
91 -11429
2684 -100
98253 100
-2899 1437
40699 -69
-55 -61795
166 -8569
7798 -1551
24429 47083
64 -1917
-64 -70
51040 2038
-81394 -31352
-51932 -63642
-74419 124
86514 -53
-9 4180
-87 -4125
-48637 9529
-5890 -96625
-76 5897
34221 35
6313 -53
-72170 -6141
77 -7627
-6 -2778
-9584 13855
23 38159
-53263 -6223
-39 67523
4343 87
16 -2219
-84328 -13
2031 7544
-80 -86217
55307 20
51 -54
-25 -8715
-7861 -46
-1809 56232
-1227 -6001
7233 -64
-9234 5091
44 -75
76 37285
-6566 -67354
27342 -19044
5890 -97535
-43 -43161
80 -113
29777 -7
36 23
3201 80706
90 1
81897 51974
-56489 10114
3261 -27950
5342 76
-30 83
66049 90
950 -84617
-1293 -24278
-61919 97
5988 18
98 159
-71975 47757
-32264 20
-6894 6647
9321 4014
4108 -13
13787 -12
-3653 -79482
-55946 -26
-5391 -4
-84961 -18830
-67106 89663
3 -34490
25 64
21817 65
47 76
-2889 1435
-62 -25560
-87 79
-71459 84264
60 -4080
-53849 -83113
9157 -39
-7997 -4241
44437 55941
899 -9
-8 -64
6149 -44
-95 77343
-97 4425
94 -5138
11585 45094
-73 -2
-97 64
55 2441
-2581 33662
-6717 90268
-11162 5827
18919 98433
1805 865
9430 -6409
7688 70003
-5871 -72
50 7024
1175 -60410
-95032 -38617
-4882 16376
53 1571
-34983 -77086
-989 -1387
-49279 22668
37520 -5
-38 75
41691 31588
4343 -79418
-5 8937
-61 7172
75239 -84949
-49 -64
-13 -1181
-8831 26938
-93230 18
-4779 -78549
67937 -78
-4894 43843
36897 40
-91887 8075
29 7468
6667 -81
-4800 -3570
2025 5020
-59049 -46419
35 -33366
-6674 8307
75625 79589
-79647 -46
19524 3670
-21583 -73
98351 85465
-19962 28
-2951 -35485
-39 92616
1532 -1396
-8027 -93
74 -7211
7365 -5437
22830 -6292
-6561 -23899
16 -44396
93 39
4323 5378
71 13377
-2583 -14934
-39 -27
-74206 -4705
-4432 -49
-59 5083
-19 6160
59141 -80
34913 76
-32453 -95
3659 4265
-87 95
-9456 -16
-77 71
93968 -38899
-57940 2869
56 24096
-42753 -26766
-71714 -2042
695 -7065
73865 -654
-5590 -22976
100 -81
8527 4365
92 -29
77 29
-91 -9
-6927 -3639
-55 89513
39 24604
38198 -87662
-17 67
-17084 -48
21 -1702
639 -5
1989 7782
-5478 1806
-47278 1363
-456 -79
85088 45
-706 73211
67 7748
49158 -80
60633 54
-98519 -81212
-2115 44202
-79 18
-68702 8427
-92661 10
100 -1459
-59835 41219
-91942 -11934
15956 38
-70 28
-2637 -7
-6576 5391
-49 -9121
-52 10
1302 23419
12 90
-85679 -64
-5921 3717
-4531 1732
30 -19
-154 -2498
-68 22
-56128 -1067
9 -81856
-45 -8692
1664 -2722
6 -29637
-50 -40000
-97 -26
-3003 -37
33177 2
-48107 1476
34 5895
37874 -73
-72763 -18
-83 -94
-53 -16
-49540 -27162
-68 77744
-9 -1036
69 -73065
31 83313
-8429 62980
7919 18437
7441 41
6208 -3576
3831 -71317
-29202 -63
67069 198
-80033 -39
5006 4
-36849 7469
-59 -42779
70113 -33552
72587 1132
7534 -6556
-7 -8069
-58 -1313
7153 92455
-93792 9884
-24206 17
-6725 1822
-7582 8330
7157 -4891
-40 81
-88 8092
-3366 -2249
-48290 -8977
-72612 6101
47 31631
4590 1396
-45984 971
-2 89
-6 28412
-46657 -23741
-68892 44522
-64 42420
-96859 -65
66 -7807
-27622 51492
82 901
14103 38688
-8086 -31
65 -92939
16609 -3
5574 31
7183 -99352
7829 -10948
1482 2
67583 6318
-37 96673
31141 -21083
-23446 -36949
-8769 9064
1985 -80
-7070 -19
-80 56
34127 -3264
-3991 -88
-63396 3071
-91797 4635
6582 -8676
37332 14164
-51373 -9732
7435 95
-98 -56864
-54230 1367
78 -82
50 -93
-35381 -12
8180 -528
-9433 63
-37 -38
-38038 -40455
16526 -23195
9750 -17
57584 -4442
-56 3869
-7077 -9
-44735 75621
5768 1163
53921 9240
-8972 -8266
-999 -48
-92 -5551
-4 63431
-30999 -3336
-63515 -60119
89846 -91929
-5030 -58296
30 -52
-9580 43
0 98635
42939 -69
-56 49323
-5745 7077
-99 2888
-4834 -86302
53387 -76657
-99 -28935
6007 32
-84 461
-49711 -8348
36 -9764
-92013 82
5546 -85913
-16 -47894
-3692 90152
-7318 85589
97283 501
2219 -4422
17 45845
12 26
52088 -96
-7134 45489
94 -98199
-2254 28
7761 -3464
42 94
-75793 -8574
-70769 44017
7444 -31
2376 -5778
-27396 80268
89 -9500
4459 -25
13 4772
7914 -22732
-4659 -66
-6302 -71
9087 -6317
-88774 -6786
-46 -4768
-1 50291
-29 -470
53558 75
52 -8005
-39823 97862
-85 4082
53440 4007
-1414 3855
-61880 7660
14407 77
-50 84
63112 -40
-9584 -48
6893 4554
-7849 55
-34595 91472
56 35
16718 9718
-2549 10
9 69289
-64156 -3884
85 -988
-51 -74216
-63487 -85
8305 8343
7462 94
-77720 -80553
-89606 -9591
-41 2295
-18 2541
-59 71686
-4871 59617
6936 -86
-81163 67193
-16456 1042
100 8420
52 -29434
-21 -4933
-25 20
-138 -62204
-43561 89197
-50 5
9039 -4464
-80333 -19
-94 95
-33409 90850
98345 10588
-62 5452
2989 -31153
3741 33435
74264 -207
61480 43255
16241 80842
62 -2210
7324 -13649
-58695 -27329
-183 18074
-4653 43
-6568 -6466
-41670 42
-27 -19
8607 -94
12872 -3628
42446 -94
-3075 -9112
-20 3742
50 -10984
-6951 4051
99968 -21432
68 522
-48 -13771
87 -87
-5516 7289
-35 5927
-5360 39297
-34 7285
36 -23
-47 3
58951 6300
-59 7586
-47851 822
-77369 74
-1948 9
82972 -71
-88 -100
30080 -4408
74 -43412
-29334 41
-6614 -25557
51 61
215 68
197 24140
11577 7853
0 7386
49 8678
-8431 5632
99 51
-7185 100
-19513 99359
93 -68
-39699 11
-65500 -2452
45 84563
18 -4663
7513 -714
808 96
-7707 -30652
-8415 70366
74 -99
-29510 -68959
89488 436
60 91636
-91 6585
-12 -58295
-33 -50
-88683 54
-90391 -8421
-6543 47
2409 -79
48084 -50
31 62
-40738 -7816
-7955 12
9966 87
4562 -7478
-19985 8003
-64 9738
973 24
6258 9253
34010 -80996
4805 84332
-7 64131
19 97
44147 -3702
-29521 70
-12 98729
6401 2899
-43 -98967
9 6634
62 -29480
-25045 37
3452 7713
9 -79737
176 -60
85403 6222
-3136 10841
-92 -45121
-6195 60541
60 34847
77840 74292
9364 21726
-5016 -87784
73 75
65244 -94
-92 5634
2838 2854
7104 84
-94 3533
2745 48
-27 -40863
10555 -7879
-7102 -9699
2872 -2729
-81 96337
3010 2
20548 -70297
-523 5358
-91 99716
7009 9697
-55334 -29
-4 8590
87 575
-85 -42
8035 -59273
40000 -79032
-70365 3892
-63408 -6000
-6095 -79
76336 -32718
-35 -3020
1 4244
-27087 36079
50097 22360
575 -9283
-323 2181
30 73
-969 89245
-21 91
-92 97
8426 6431
-63 -66610
63385 -75488
-25466 -77
-72480 720
4666 5573
11458 69037
-16 -8430
89503 -2538
-19 2094
-88477 71
-5011 628
-5889 42745
34515 -83
-40 -52
-13202 -80011
50 -6373
63321 -5060
-67 -6888
-9633 -5054
9640 2237
-28 -6508
508 -94187
2182 79
62142 -62774
50069 3796
9853 -13738
-80 6432
85406 -86366
-99 38152
34357 -9910
-52324 69388
-13 2493
38 -27821
-28354 1318
26367 5623
71 4444
-60108 -50623
-56659 -2369
68 1304
-9441 -9779
2266 -8973
-5382 97
-23288 162
3379 39213
-52 13
70 -42
-86023 96619
-5712 -1069
3987 -22726
100 82336
5737 4948
-5594 -4241
-45917 -36687
-1575 -10
-8070 -3861
-75262 -24
31 -1955
93473 -3526
68957 76
33361 61900
-34662 -45
46481 -795
7 97691
3121 23
81 -63669
-634 -100
3 -6478
-94869 62
91391 3556
-75 -17871
48161 -1
97 -66
78 91690
-98 -31728
-5860 -5683
12845 -7996
-40243 -99
-90 41
-7 -67
-11041 57847
8 918
-41733 -34868
-96132 35
74946 -71726
15950 -3293
-11 -1744
3292 -2
32955 9663
-86614 -15658
-79951 -2289
-89 51782
5070 -34850
3684 -81
77 30
91 60030
6297 -15
5874 -19
28710 98475
-67043 41
89 -7951
2 56965
-23250 -5969
97 -27833
-46487 13
9845 -2401
-57858 -93
-78338 4497
47 55495
-25854 7531
-7786 -8842
-94 -7297
-9057 -77
-8567 -14702
7988 7648
46365 -18
-5117 81956
57 2601
-86 -23259
4268 85
-352 6272
7343 13533
93779 71225
-41646 -79
-68 -57649
94 92500
-12827 -7042
2627 19432
-85531 88
-32 9
-2124 4095
50905 18
-52 -28502
-6303 -35168
75051 -73470
-36 -73442
-100 76231
60479 82
-38 -4204
-9863 -90211
9253 38550
-48571 -15023
-92 771
1444 -38
-17 88296
44727 -15
-23231 8244
-85459 -7291
-82409 -1154
-14 -50438
53 81564
-814 -14
-31 -1829
-64024 -5365
6513 9409
91626 5171
-426 -2552
7280 -7473
-11850 27658
-8199 13437
60 -6695
93388 54852
-4614 72590
41 4145
-77876 -163
9682 37948
-27856 -31583
-58 34797
7749 17355
-7049 1098
19 78484
-47337 -89964
9662 -8708
77843 -96070
-8845 71939
0 -90424
-77134 -25
74 -8194
-29 -15143
7469 36454
8419 713
80 -8722
65 -25694
-96888 61
10876 51658
-829 97647
57 -7367
26 -5694
-9013 -870
3005 -49501
-15371 2
-297 -61
-47 -9040
-69 28
-24 -66661
9 -64597
-94 -2645
-54 33
-94388 71958
83 -18225
-96377 12
72 24000
97 768
-32211 -87762
86520 -8397
-52 -54433
-51 8802
40 8
90709 56715
-1956 80413
-41242 -2250
-13 11
4229 969
-68 95425
2029 -51326
2713 -97
-80 51
4687 -1752
24 28
65 74
-2978 1567
67 80644
15512 63
-70 -90764
-91 99336
-66408 -14980
98 -4080
-8318 44
844 -83
-31 67
-67 -30849
85929 -25
-93 -45
-42 -90801
-10 21943
-96 -63467
-3821 -3617
5814 -74076
7693 -6447
2418 4402
-95 88364
-2169 94
3927 79
-61273 -1188
-42 40
23 92
-4 88311
-92 8873
58600 -4243
-8747 -3358
75458 -26096
-9357 -62366
3722 -25
-5730 -86
67421 -46
34352 -8622
37142 -52729
-2242 9862
-8520 3329
-54176 2863
-9072 -26
25074 -51
36171 -31
6358 17753
88098 43323
2293 86
-46545 -13
-51 -5569
6618 6943
1527 -7343
88 -1860
-18509 48333
8305 1387
-78643 6608
-43 88662
86 43
-31053 96
-4831 -73572
4145 -50
58893 9203
-48192 -58
64 -1614
67254 -29
46236 -1486
-9757 59
53626 -38521
-27 192
0 -6633
7653 -62
-7933 6299
52481 59
95478 -19
80 55339
-99 28
5878 -76094
850 64864
-48827 -8
-7266 8704
53798 51
-366 -11935
-35 -95
-5850 17269
-38 -54
-95430 50
-71 99
-6025 6
-79426 2069
-5528 94
6 23324
-73 -41621
5722 5837
-66805 -60
-21 99
-11395 -26973
-58 86
7648 -3894
565 53
-9 61
-32082 -20968
-51 -2231
-27 10528
65404 -7500
9526 -89
44 9985
-40513 -77
4161 -2956
58487 -9043
9339 9748
-95979 72539
36655 -55
-36086 -24
-1087 64532
58 -1617
60 91655
-64 -74
6008 7180
-81689 -24860
9850 -2090
45738 -90362
-4050 -43033
25930 2962
57 -2918
-87 5063
-70 -7811
-86 36890
-52321 -6095
31 -84401
53 -75686
34 96154
-22105 -45
-61 98626
75767 -58216
26 -45
86 -48975
85901 -11304
-3102 -5662
-7598 27078
70 -40616
-41287 -47847
9253 -36934
7574 44605
31172 12
2821 16
100 81
-8715 -25433
7551 64167
67 56
-6542 43983
-4547 48835
5099 -15173
13347 33
-45 68740
1206 -70702
6086 6587
-75 16344
-58 26413
23930 -2140
2612 93242
1971 82120
7497 -75
55 -1715
46025 24323
70 89319
-52149 -68
9522 666
8695 -28
47 -31
-4154 73
-6264 -25
83 -96436
20173 76
-65 68798
31 -17
-8938 15
48 6243
1784 -56
-7954 79
7738 11263
-61804 -56712
-66 36
65822 -383
-72197 8619
-61 2891
-14493 -17
-31 5513
-14626 -48026
3225 36724
-9 46476
-45524 -92
4 26
-320 6025
47144 9980
-40 -34
-37 -398
81687 -5774
-6811 95
-781 -402
165 8167
-46012 16382
70647 -2928
1188 25
67520 -1922
4918 39555
22627 -86
-68 -53518
-98 64
4739 -79
-9068 -47
-9174 -89809
-99961 22
-6817 -69
29590 53185
-9498 3
-5147 91992
42 41931
-8 9921
58409 84471
-23329 8054
2668 21229
-5702 41869
7477 9826
-9659 7489
-23 4229
80783 5497
88907 9
-29561 -1982
-18289 80305
-1011 36
-8 -9
-83 18111
-7440 5453
2351 -6
-53315 64610
22374 -595
7511 33559
2376 -9899
7542 21280
-70517 -1061
91 9649
-14 -6175
65 47308
86940 -13034
-72590 -663
2563 13141
85 3458
20 -75
-80919 75340
-60 713
710 64
2327 -34
29186 36994
72209 -8
-37 -7743
-96 44105
-78 -150
-80 -2521
-9 -58337
-90 -24
2167 25009
1402 1015
85 -1509
-29 -7783
-83 -9565
95117 6827
70826 -2797
79 -41
-1 9705
-3293 -2663
3750 478
7605 -8520
-3341 3440
45 23643
-51635 70
-3643 18334
69733 18
6762 -24
-1888 -66920
-65 -9
-95153 6255
-57 32
96232 58297
-64810 5023
-65 84
48480 -66
6692 82099
51956 4360
8759 7762
56927 12
4305 5585
92 69842
33325 4835
-50203 -16090
74452 -70874
201 21
-16 -6074
3357 -46
-55412 -1312
21743 -94
-6736 -77
7985 -87469
41496 46
-28 75
-4442 2648
8777 -73
9138 -56696
-69288 -6973
-42353 33498
-87707 -8929
-90 30
4005 -46851
96 87
0 35703
58304 29899
3196 -11042
9683 -9858
1411 53652
-6936 93544
-29589 -40
-64895 -95
-35690 -69
98727 26347
-17360 -2677
74 -85426
87758 2853
61 -93738
2 61380
-81489 8763
-8795 -632
-5503 -4748
7873 -73
-92 -6386
-26214 -11
0 -45909
-38173 -27
89042 -91
16469 -84267
-51392 6253
37 -91
24993 -57527
-4664 65
-70540 3758
-397 90
-36 -98272
-85 1168
18 -92564
85 -6262
90 -88
41 -2996
4717 -59577
26556 -47025
3254 18115
-3081 38487
66 -15011
-80145 68681
-71 -3287
67 61
-78 -17
70099 -60767
26241 -6282
8295 -44
3820 83489
-39563 81
-75706 -66421
3632 80953
30 83427
2623 -8621
-54554 8
-1813 86
48518 -46
-96616 -33434
12 40
39 -6
-6577 -43
-8024 -60452
33264 -47
9328 8046
43 1192
-23 3354
4 2800
-53 -1764
73471 -53
6107 -10
86896 -84
4172 -68526
-5590 -7899
-76 60
-50 -5983
23807 97
3341 -28
94114 84
59 7957
9780 80787
-7312 -13815
52 99593
21573 -62
-30685 -1
51020 14968
-23 8350
-89209 99470
18 80
-76 42476
37884 3409
-6 -25782
-21 -80205
80037 5
-96 -57379
97 -6300
-34265 -37
-38 23771
6339 -49
70667 25293
46575 68906
1590 -99
7765 -554
-7605 -1426
-13836 60598
10763 -37
-69215 8404
75946 -7473
-9800 808
-26619 -8111
-16 96560
12426 -100
-18 -23685
5065 3095
92106 -78416
-95 -3485
-617 -3678
5424 180
28509 -4244
-36 -72
-9094 -71
4949 -39
-28944 33
-48 -87
-26 -2316
-9208 84
-1959 -84514
-62601 65
4621 87
-76 -21
-84914 -90932
9353 63370
-2580 88452
549 -61
74381 33824
-59 -14
-39346 -8684
-1106 4780
-92439 -56
94381 -8842
2833 37
2247 45
51 4345
-7691 -12748
100 73
-28 16176
-7946 -44294
51 99
79683 82956
96 -59
83 -36
-44937 -33
2 -24
-43 -79393
8303 65
56 -45
-25 -99502
-17 -5736
32 -90221
73 15
63124 -26
29817 -88203
-7493 -30
69374 -32
-225 -26371
8570 3020
-49 2499
5831 57
-50385 8426
-8401 -81999
1860 -34
-81078 61122
6225 27
-9225 7220
40 70669
3507 9291
98194 -55840
5396 4903
2525 72948
-34818 -12924
3724 -8255
-70 72498
94 -70
70258 -70586
-5398 -7667
-53698 3303
8354 77
-6487 19438
5132 46389
-59 -38
-34 33726
-77 7051
-80 75215
-81 487
3691 -57
87775 53860
-58489 -271
-2676 40
-1648 -65745
-50147 -14270
79903 3848
9194 68207
2504 7761
4229 -39
-39566 -63
5008 67
9145 -85030
-77 7
55 -91693
97 -12350
47439 89723
-7555 6395
-11377 -9607
9713 -6299
48937 -100
-25505 2767
-1326 8406
-45869 13272
0 64065
95975 7393
-3657 9763
-5289 58
41623 611
1675 -26081
63 6370
1294 69
55 -45
2957 -9014
-76 -63
-25 9587
-30 55830
44 -67
-3697 -70763
23 6229
42 1869
-9021 -53
-1679 -52072
49915 -49486
-28890 -80702
-36 51957
-54 -79455
24 -91123
-47050 -68650
-61 5326
-49 -55389
11 -48691
-70627 73843
-47038 47
3016 6792
75042 93
46 -98
-75 2403
83868 42
7431 92888
-6198 31
-6861 -3054
-4620 -67500
3078 -6211
-53477 -64978
16566 -60897
98012 83409
-83 4139
82162 82861
28994 -7
-15436 43806
-3805 6683
1352 -13280
9455 25627
-84 24
-61341 -1211
-9549 27105
-98740 22002
-76 2800
-15 55495
-30268 25920
9633 20
-43704 4
35181 16232
-7364 51654
12 -169
-10 -96177
22502 -39
4598 -22420
36 56
-31890 -3211
-4139 -28870
37853 -1380
41 4449
-59299 -8
9 -18
48107 -58282
76981 2957
-6966 97
-43760 -7067
-195 -36969
-1364 -8029
-6251 -94653
-30864 -85309
7334 6148
-7776 98089
70512 -69
8088 2
94571 63
73 6335
64 12586
-52 -9386
-95 -37
99 4330
-50 59
9408 -48901
84227 4578
-2918 -80
-7336 3964
11559 -69006
-27 7980
-89 1245
74 -4540
-46391 -62
-1500 -8793
-501 69158
-1390 -1755
74976 -2847
2047 -1799
-43684 -47606
2259 99763
11 6989
-6088 -75454
7289 -57
-7782 6199
-50215 24108
52 4571
-7924 -65229
-71401 9618
67 -83
6 -52211
5411 -87117
-8777 -96
92701 9812
88067 2232
2 7430
30600 -76372
17633 75
-41501 -39831
-33 -62
96903 7981
-13904 31
58981 -25675
9946 -9066
-7961 79
-4186 4059
62 19
-8256 -14148
4194 18
80 -90376
73090 4801
-43 -88
-2470 -70835
-82473 -1899
-89 3165
14250 -92476
-75 -25816
13433 5736
90 42
3301 -82982
16 -90
-5723 74999
-9495 90
-1924 29886
6731 -18
-75 39185
87565 -45458
9939 3722
5834 -3300
66 8
-74599 -2873
-2608 -54733
-80996 -95
-59 -98
-68 9181
-5 -58
58 -12928
78 92
64231 -9537
63 -77
-14450 -16010
-1515 -6550
-3766 41454
1053 -44818
-1969 62827
27 7268
73963 -25968
-63 32249
68 -83603
3364 24455
4527 -95727
11 -29
-70471 509
90 3973
-2763 -95
20 -7344
5769 98
-56201 -27483
-20137 -29568
-60929 -77497
95 -21900
78681 -1453
-8486 9550
-9 -8449
-47 6073
60 -17
-2997 -62
14704 24
-90 4225
-41801 -40099
-70353 63862
3618 -9
-2937 -43793
95 35
56913 4068
-35 14882
-4394 774
10 -7
19 -7234
8887 -83
40927 -70
-45 -78875
-258 -2926
39 -1062
94338 -9528
-9056 -61640
98153 7828
98692 -81733
1551 -91894
75 6131
-3775 -1787
-3956 -34837
-1152 62
-50220 10
92 33
-6793 69110
-47 -53019
3728 4712
-42 91
-62 -7670
72 -9138
28390 -9
45076 52248
-59920 86304
-27314 83118
5848 -71
-51 5
-15490 -3386
-82 -2239
5184 8157
-12 57983
-25 3
-42 59
-6673 -82602
9245 2558
-84039 -8804
-8551 4733
-39301 32735
-3459 5
-1358 82246
68543 -13
5023 66532
6742 6129
43843 -8356
-46 -336
81 89018
-72 70834
-48595 85
-87576 -50696
57289 -69
86 66
-29 -6716
-48770 54430
2813 -5148
60882 71310
-1151 -16413
44745 -74971
-31 -4877
60 -44
-34 12
34 92318
-9855 8
42914 7153
-8338 97
53 -1495
1065 2905
60 7430
158 -46839
977 3263
88 -1018
51762 97
2025 -82412
7310 -2691
-9185 8
9892 -84
3050 9304
89603 -38
48568 94052
61 -8717
80817 5516
50 -7732
22 58
58974 36
-44 64241
-30 12406
39 -36
158 75
-21 58189
-4478 -12
31708 78221
67858 -79
50 64359
14858 11
29183 -72
-43319 11783
40 9556
-1280 -8498
-53007 1893
-4521 4
-1211 2503
6794 58
-91511 68802
-66847 4907
42 -1438
-29361 -84251
89 4682
-54341 -9326
59 43
-52008 46748
-5560 58598
91 83813
39 -3881
52 35546
-80246 -87
5041 -10612
-2156 -92
-1169 54471
-25850 -7284
-41 -26916
85254 5
4048 68538
-55 63271
-89 -63
-1774 19877
3 -9463
43551 95494
81432 42067
96 69
10899 20442
36108 53049
-28 -2108
-66639 80
8255 72
-65413 9145
3186 1277
49902 -13041
98215 2430
-8733 17745
-91 -99364
-9575 -51
-57914 -12
-93460 -9124
9983 -12
-74 27
-88 5575
-1308 6109
-652 -36
-91 -2771
-62 -3380
-3793 -23
-483 65969
5388 -80
-74 -7
48 9729
-80312 -27231
-83 739
94 -13507
-63907 -44963
-55024 51258
-2071 -2032
-77 18928
-55392 36341
-51805 6658
42 -79
38299 89866
-3737 66
15 -23
38726 21177
-1684 -8862
-48 6
51 2800
-36 34
90673 -88
82245 -55956
419 50
13 -36380
72639 -92378
-91142 5830
371 97
47774 -3000
-6899 3143
-50 -1795
-71 6077
-85832 5033
67 -3017
-27 43991
-27 7960
-6 -79
-42 -25
8932 -41746
-44563 41946
33 -2248
5072 -44
-7163 63723
-9 3159
66418 21152
46 -24337
-2930 -24
-4 -43
36 25
-503 -55717
15 -22
-16170 -80064
-92095 77779
6306 -40412
6280 88100
-3302 -77609
-1359 -7812
30749 -1424
93885 3476
20764 -4599
92 7374
-97559 88911
38366 -9799
49446 22
66399 14111
-67052 -74064
1519 -886
-98 5005
-65528 29
-35 45783
15 59
-71 82438
-42 -12250
-4183 51
-70632 3864
6833 2000
-84294 -92
606 74682
38 -55385
30 -62367
-21268 65889
42192 -47618
-7045 2481
56 1331
44 -8456
5855 -51837
-93 -1789
96 -29092
8938 90
-64338 -4
-8311 -18
77322 -9802
73134 50639
48291 2892
-74 76334
-6196 -54
-74766 -52700
57 -69
97146 7547
66 85505
-42638 -20
8 -29
42419 -14
53982 -16196
-48473 62961
68620 3025
-56 59224
77928 77125
40185 -36
-23 2739
-8617 59
85 5032
85 -28
77 -93779
18897 -5246
23070 5155
29 6969
-8 -83081
79172 -151
4800 -514
91059 -80395
-40 26625
16621 2
9184 -13812
-5473 -9664
-1701 15
3707 3126
-80 18790
-62 2584
-45392 -4066
-48765 -27
15220 74276
-89 -96173
-8894 5222
-77 -3
4167 -78003
-242 50
14 -29957
22661 -90064
4358 94081
-12 -48327
36302 -1568
-2952 30
-476 -23
86984 83874
-31 -91
-3399 4242
15 66
73295 -70
-8642 9
-64594 79756
53 79554
8009 -88
7395 64
67 52
9929 89487
9668 -97747
55652 -75054
97 1524
21 3
-8267 -8094
-5057 -52168
53 76670
-90 9555
-29 -28477
7114 74
-4708 30530
42 9200
-79102 -41
-36491 59
79748 80051
36173 -80
-24 -63
-69 -55854
2377 -55
-92 5812
5037 85532
6798 -78
96 7256
90131 9028
-94075 86520
-68 54672
-1172 90114
-75096 5596
8 -3546
-48390 76
-23619 42413
-9809 83885
75589 41078
762 2261
-7 -90
-6430 -4420
7762 -21
-98 -75
39 -3157
32778 58
-4997 4049
18 -4208
29398 -49
-8053 1
-24 -85500
23955 -6581
3712 3248
9680 -94
-28044 -9383
95344 -58416
-45 -63647
-5272 -9324
75 -43
-1667 -6209
-84 -81843
-7701 68
71 62
-8455 11
2864 -6487
-61549 3092
82385 -5469
-554 64157
6656 237
5107 7294
-30573 4214
-6978 16
5610 6590
84863 7747
33 12
92 -20034
-9961 4
78451 -23
-72465 8634
-4237 55
-95 -45012
-8354 25668
95066 3331
29 18
-6138 5
-4184 96368
33 100
78195 66965
1274 56
61127 -7596
-275 4775
17807 19
-59 -27
-75 3654
-1834 4338
-17360 -9275
-44 96568
-56160 98
76840 -4779
92 -4700
40 -13
83 3990
71 -67137
-44 70
6986 9108
-26 4652
-71 -86356
1271 -4
80 38497
31790 258
12 98
-4 73
1823 0
66 -4833
-40082 -98589
27 -83
-8 -33847
96 4185
40236 -1934
7665 -39
-64 -99096
-22 -12126
-11379 1001
25690 -58399
37702 -15
66771 -8667
51775 65098
64896 99840
-82652 2326
-3169 -91
-97 -5
7381 -20144
-72 27
-67 -78
-67747 31650
-99 -1635
-20 -26
-7176 -1139
91 6512
70701 45507
34 -372
-95348 67166
5932 -347
-84 -42262
-76 -8188
60792 6368
2469 -9
1611 -66
-92 1038
-6833 84431
-5181 41809
-86509 92552
-5227 51725
-49 60419
-16 54
8484 9189
46498 70626
-841 -44
75 8463
3184 26528
-99 -54
37 8373
-7909 -3
-71253 -78
62509 -5533
90564 37415
-7 -70118
72 8456
-7103 -24221
61 64
25621 -39040
6106 5166
70669 -44
-9189 -33
4291 34
1417 29289
-47 -33479
91501 -13408
-26716 36285
7930 -49392
56566 7834
2520 -1814
81631 23121
-4 64231
-61989 -79
67 13370
-64 82986
-61799 64
-37266 25
-35 -12
56317 5541
-72 -1
-45 -3031
-53 75552
67890 -65
23967 -80
51413 -5251
6580 82758
-76081 85
66051 -82242
-72 -9846
-78 83773
-9221 -52393
8 44881
-41764 58441
20629 26180
-98 -8
-66808 8
25424 3896
97008 -27554
-1083 45635
-67 -78310
-54620 -82084
-47 94148
-17883 8497
-9609 -94
91320 86010
3 -25127
-23 -29095
-39 -9107
67 -9453
2 -844
65 5243
-90 8081
-2762 28
-74 -7327
-21 -85
37 -8122
2267 -6310
-99068 42022
-5626 70043
52 2941
-33 -29
-4332 -80
7681 40
-89 64223
52 46635
44757 52217
20367 76
31846 -51
-32 -5680
-63 -4447
71994 -6772
-93 95655
3518 80
50399 9530
-7882 1238
-62 -40
-4963 8544
-72 40647
1996 64
-65245 62
934 40563
73722 -25107
-4858 -4201
-12 -5588
86868 1704
-32 -67156
30495 56
-36676 42
-449 726
90042 -57217
-23990 -66
1100 64690
-44 -3028
95 -98689
73160 -5
4583 11
75 84606
-7735 -14
-1132 -6603
-65 47
-67951 2
97 37
5146 -80097
17 -93102
-78 3545
-75959 58105
-4634 640
1537 -46
3 -81492
9878 -100
-63 86
36021 -41374
-37 87216
-66 7
-2279 99
-63 -60
4 5
86 2359
-55674 1692
-67 9
31 3222
60820 69287
-22521 -89
45804 43799
-58 90
-81531 78268
71717 43201
-414 4319
-5440 93
-7862 94
-61 -71
31741 7231
-6199 -5664
19923 1809
-5688 -47
-8580 4826
-57940 9717
-51 40
4002 66956
92296 71
56530 86
4031 -89180
-17 -59408
18580 3668
-243 21026
7139 14684
-9046 -46
-1306 -13486
-32 -4852
3789 -41
-27 78728
136 -544
-4292 -7941
86 90
-25478 -44
-99053 52238
97244 41524
-35442 9457
-38543 92738
-13 -493
86213 -87
67908 -30
-63 -3600
80 -3902
-441 -29679
24169 4088
-3737 15
-4 -98449
-82204 3149
5606 3785
29 -51
-33337 32794
-44883 -41
41567 -3534
57263 94
58 -7
97 -68
19 -9875
-2 -3888
-10311 -1643
-9 -62
-7652 -31234
-27724 1
2450 95
4312 61678
40 55505
49301 -7169
-7893 -5
-99 -40
-68494 47
-74195 -40
35 13
-221 -7
71034 -5
8320 -5325
78132 33
-94 29
1748 -25
-74670 -2
-88 -7869
3094 -32
4659 -2737
74755 24345
11260 3411
-12 52
89513 -39476
65 -39532
-42 -15
81954 -11
7879 -72999
79054 -72949
-674 9073
8 -89525
-57 42
10911 55412
-62007 -44
-23005 -64785
-55124 -2973
-73 67686
9449 76450
-5224 81
73662 42000
-2151 21277
-39493 85411
-54194 8548
90 9139
24 23
3229 -74
-9343 -50
33961 6564
-2 -1874
65757 5453
73 -2270
1673 68488
-12535 -538
57 -21161
6238 -16
9485 5640
2985 98
9575 -28
-808 -3366
-5128 73
3239 0
-5485 -6
30 -63
-30972 93018
34984 -81757
24804 -48
-53268 -75
1072 9771
1793 13
67 -25
2695 21
33 -92
78022 58
-37565 26
20557 -100
87 64
99 7
-96 896
34595 57
40 64577
-1229 947
-197 -66727
-11967 82
78973 -1592
7659 28815
-3686 -9384
-19 36175
-8212 -53
-9885 86101
-35 85420
-52 -13
-26121 -31551
-78454 28
-7954 9483
69207 93
-27006 1415
65 42
48 29
-69410 24
-59 -57429
6641 -51
65 19831
94 59071
5 -24567
7650 -9906
-90 -9287
-10286 6052
86821 -88779
-5422 -35
-80079 2295
15 1681
-95 -5858
-4535 2208
-96846 295
-40238 58
5162 -2861
-6974 26
800 97892
-10055 15124
71006 99692
7370 -29
-64 -8555
-9576 -83
8476 -2805
6327 45016
71 4827
14471 -3834
-47477 -5610
44 -7819
100 63857
-95 -25439
-17 -84
-58 56841
-74168 5446
-63691 -49222
540 -62
-80 83
-5900 1172
-60 23
-88 44567
-8803 -36998
2 -36396
15 -47252
-8887 -38
5405 34
-60 -59207
10 30
6090 -76030
-71318 22679
-93290 14
92368 -35187
3708 -24
-16717 -3235
-9484 20
-9865 -17691
78 -289
-4222 -72495
4787 -77230
82942 -88
-9140 1988
58 30
64423 7182
-16319 8485
78562 -6669
-888 -30
5569 -78546
26878 -64619
-180 40979
-44 -6327
-41488 55514
82294 94
23600 -235
14183 2442
-64117 48
-25018 47506
45220 -83186
9115 3368
30031 94326
0 -79863
84313 31302
38391 -83
100 7453
7776 96000
9 -86
-14 6057
-93 65861
-40572 24
-77 2021
-58564 -77
-5642 261
-65123 -31607
-4427 -62
-22 9358
-7280 1309
-4277 84
680 -7444
-2008 5449
-5696 77728
89 21
-14 6682
-19928 -38
67348 3345
78401 44150
-26393 -46
-26 40
-7797 2950
-93 -2696
7629 50670
-8940 74
8 31
99678 -5750
68664 -79
-3852 25123
2524 79808
53 63
-58 -558
-49667 56349
35 -2742
51088 4382
-31 90101
-22 -97523
100 -31969
4369 46
-63002 5863
-38320 -69
-5690 13984
21701 -59962
28121 -40360
-74 98
-35858 -1524
89175 -89582
91822 -51
-77113 -4579
99233 -95089
-7478 6608
-90622 -59
95 -66
-95334 45
20 -7024
21153 88423
93 -65331
9867 -100
1847 -14919
-88047 -4880
-29 6241
9475 2773
-25051 83968
-63 -13838
-57 6396
-15 -24713
5003 35
-69 -8257
-37 -64360
56 1078
45742 -67366
-27 -17701
-84 82
94 -19
-47405 0
-54101 -18
-1 -6939
-46 -21
-72506 -7445
-95672 29599
-76775 -10
63448 -66
-2049 -4340
-81 -22
45 262
5947 -9286
0 69704
51 86
76 -6406
19 49
0 -2418
21 -4831
-6912 36
-43 -100
7185 16792
9940 -27
7634 34878
67 -60300
92613 44
6063 10259
-10102 -25729
-7815 87106
22 1296
84152 -5917
-2357 -2016
32 25
98035 6579
93222 9373
2528 83618
78118 70
70946 -21
-64 8861
-59870 -16
54795 -2056
39536 13831
2975 70653
4229 99590
62868 1616
11 33
97694 1046
-64 -52
-20 5172
96 -9104
80748 -90365
88 44306
-5 19491
48197 -69
100 -82
82 23
-15 -6881
-21906 95
-14310 3789
-9 36
-90 -78244
-98938 -57119
-7356 -6128
-41837 -73827
-32347 25083
-4348 -72
15301 -16129
-37 9658
9981 9
6058 -7570
421 -9802
-4796 14202
-88885 -35369
-48 -27
-31983 -82685
18623 -1
0 41274
21675 -2612
4599 3775
-89462 -56677
1628 90
-3227 -64674
-140 -46
-13194 -83
8431 -66195
22 -9530
7207 -6247
-2154 29
35015 2843
-8366 62046
-69770 -1685
-69 -95576
3466 -77606
4936 -9774
-7793 24
-51 6781
20 -95029
3704 56594
4 93
-28277 56403
-17 93473
-43992 74
81284 4095
1190 26
-835 -80351
-41579 59464
-29139 -67
10 9845
32377 83341
-7407 1931
-474 9656
9842 69
3312 -97070
-66221 -47293
75 -4693
-844 -89
114 -89
47274 -83
92 93030
24 -35
-69694 -28
44375 -29
83 -46810
-43 -63817
3526 -56
12371 -84939
-9530 -63
-69834 -54502
-52660 -28996
15 35
-93 -1868
-8457 -12009
-14491 -5
-4779 51120
9815 56894
6385 737
-8745 -21179
-6052 30186
-2726 -41
16 6
-7966 -38
9954 4460
-5516 5879
-83424 -2489
15643 -6055
65171 -6944
-8979 -45240
-2934 -4995
88316 -56
14 50
36 -4232
55 41
-45938 5778
46 14024
-7871 -3329
43 52
-7582 -44057
53972 870
-9091 87
21782 -19553
30800 60
5457 -1942
12780 -86
-51927 -2481
-96596 44058
-56122 777
-67 64
-2508 89615
-68341 84
-24 52182
-3224 43
-67259 -73939
11608 -50383
-59 -3600
