64
73 31512
-87772 47
36076 -158
69416 15011
8790 5360
624 -6632
54 -26251
81695 -94905
48487 40
1149 -53
-945 62092
9733 -14668
19 89892
-3482 6136
6320 -75
-47 80
36 -59
81 -24943
6515 -2
60758 -88098
-89 91
-6647 35262
9041 -57900
-986 -72
85549 57978
5163 15658
4600 -13003
-24898 -23
7953 54301
83767 -20716
8 73352
3666 89331
98933 -33260
-47 5153
93 349
6349 -24519
-7454 41279
-50214 34069
42 2895
-81 -12944
71 9070
-4173 64633
-97 -54
87 70631
-3798 41
14 22
9947 -19
-96 -82069
5540 69919
-62 -93556
71831 26966
20 -2768
-80183 -86
-22 20
-3567 64002
-83 63
-59 -74
-6280 63919
-8447 57
-14822 95387
2341 -8256
-2750 -25
-44642 1939
8946 14605
