128
-37 -4303
-3714 -94645
2519 -7297
40548 14
-100 58
-90 7898
92498 5650
37 -6244
-38816 -5676
2920 68
61 -23053
17 -25
-846 24
-8707 4733
-39 -6770
2129 31522
13025 -5706
47 5525
8645 -86
-82 76226
67 -309
-6608 4226
4754 -4226
81026 91770
-8877 -1919
-3237 -96
-8501 -64
55467 80911
-8526 -1859
-16322 5915
80016 -65
3184 83
-99247 -7
60 57559
-8276 -99018
-22444 -95452
-33913 -62439
-83507 1677
-16530 87751
9393 71307
-3 98
997 -7324
55 74208
-5702 6911
-6185 -66
85 -84
1505 -58
43096 -185
43 8692
-84 -47142
61 -54176
-33663 2835
-4010 -74
9074 -4
9837 -95285
-4646 83
44880 -8071
-91 56749
87841 -2129
7502 -7041
-855 55534
42719 -89877
82053 35929
35 -5112
2991 -57
-3898 -100
1083 41693
38735 -54092
-2940 -98
32817 -43
-42900 8064
-29110 -38
-57 57402
62993 43685
-28 -3868
-97 2178
86995 69285
93 -14
-27094 4327
3571 -4204
23037 30
-5732 -7685
5645 8995
-98 -1024
2107 46843
-95 -24220
97 1
67 -31621
7150 4998
88 -2871
4569 -6
-97 -93
47 -31
-95653 -63126
-78 -1791
65982 -61308
-25 34230
-4434 24819
-6282 -59536
281 8106
-93042 -59687
-60349 85115
-32 36
-60 75
-4358 61724
-8116 7955
18069 -1669
18386 -40
-4019 -99683
-11663 -7126
41 -92
-88709 4756
28 -84
74 65488
8128 -43
20140 -51416
17 8802
-2460 33994
2637 82
-28 -83
-2 -52447
-63184 1722
12 6988
-33483 -37
8847 -42182
-27372 89743
11853 29556
-4773 -32748
