2048
-99 -73
-18 -74073
49 -2025
-79 -4673
82277 98922
5976 711
-2898 -4211
233 -26
-13 -52
-28 -6684
-6281 63075
-87 -9246
-12 70742
-98 -60143
47 2630
63177 75
-40 -16
6663 20647
-37817 -2026
97 80
-8771 -22
-3465 -38
-16299 270
-31812 99
-2030 -93
55 7881
-59 1
76291 51691
24 0
-20261 -20
-62889 42468
71 -93
62 -3938
-75675 7648
91157 6112
-88 65310
8784 78479
-44052 20
-85201 -90
-66651 93
8905 -26147
68 17
3845 -97227
-75938 -42086
6057 8030
50 7314
-94776 -9991
-2201 -4721
-1011 1427
4774 95
-160 -5503
-12385 33839
85518 -2646
-52 76373
-19 64
-59 8741
84408 57
-4702 8906
7651 13850
-1423 -13
64 8928
-28 -39
2694 44192
1885 -54347
-16 7828
27 55
-70565 -7470
-75414 -82495
64 22
82 -6758
-874 53
-68954 -7815
-79 7426
2920 19
56 -4462
-49 -93249
35 -63126
71600 44335
-100 5997
79102 -45
-5590 -604
1752 -21069
8574 -4515
6212 8251
-57495 74822
14838 -32
-9895 -68658
4936 74616
3515 53
-8254 2
6584 74922
74 -33428
-65371 -2499
46 6096
79 -17990
-24 63649
5736 38
-8206 32
-5807 -9155
80556 -6813
-58 2496
-16 7115
-93479 -94
7482 8148
-81608 4320
-42443 -20067
3487 97
5297 -13791
9187 91
-72 -97039
8012 -1056
83 85110
59 -84
51372 -73
-75570 3435
-95266 25
43519 32
32 -5092
93 -16998
-30299 2595
-17 56
38447 -34221
-46 59345
-3 -28
-4006 -89
81 -68
-2625 -65
-14889 -73671
50 -2197
66764 89479
-59285 36032
-42590 94074
41010 -48123
-94 -71
63 5656
69 -72
-38 -49508
-2911 61718
65 -73764
45282 6467
4543 -9740
5878 -9
-39425 4610
43318 55718
-78 36406
-4918 56499
100 6015
-5985 3039
75948 7371
-89 59277
27387 -29149
6748 37761
-23855 21931
-6521 7639
-1114 21519
-11 -87
17966 9717
57756 -6252
-48 -13210
64411 12008
-60856 -48016
-9045 22013
-22235 23472
-941 -4400
-6797 27025
-72 -4945
-46 -6896
-4034 -1380
73543 73388
-31611 -10
-5924 1
-8 -7255
-86 7023
29890 -2233
-27 -83065
42 56
-81702 56437
3968 78
-9580 53633
-55 -55
60 73175
-79 11
-69 -50284
-30614 -6299
-6790 6599
-93347 -25702
-376 16209
-8435 27
-33 -63629
-6 33
83008 -90144
-69318 9069
5615 -10876
-90274 -34683
30 -9634
1851 -75
11 7395
78 5308
51379 -925
-9830 55
-27 32165
33 63198
68 -36667
79184 70878
79655 54274
7161 -99
-5945 100
5338 -66856
1110 -32995
8 57
-17 100
-83 -2645
-86634 -53004
-74498 -40
-7185 -80
-29868 -89
-7356 -4564
-7683 -2030
83954 74800
-5 -35
91057 7391
-86036 -12
-7575 -61626
-6833 6565
52529 -53806
-5154 8
-67778 -63
33970 93944
41120 -15872
2957 2426
8792 -87
61339 70
-68936 79
17337 9702
-7494 15
-48567 -5651
863 -8570
76 93775
80 -30
5227 43301
13 -21
-92890 61
57241 -4670
8372 -1112
9265 40519
-61235 -68830
-4102 49187
64 -21
3885 4256
-55589 75
-28926 53365
-41 783
56 -42
-2177 45743
-42387 -99287
-2326 -41
58762 56
5050 90
33663 -3351
-1123 3386
-9313 -88378
-5295 -67
-3763 64
4263 32
-84515 3512
-1733 -4845
-62996 -5451
-1026 -16186
8350 7016
31 -1545
-4614 -81672
7700 -89
-6057 21551
-51371 -39609
-19356 91841
-47670 6332
-8421 4235
59041 -5832
96 61
15663 -82255
9 62
19 48911
25 48
-8317 20774
41 69
-34 9143
68103 17
6793 75
4953 32565
3486 -77099
-24705 -42
4655 -9214
-73 4507
-76 32
-41 4686
-52206 -84
8694 -2473
44579 56
-58688 -92
-36147 61798
-91 -1986
-66564 -47
0 7531
53939 -13
23 62
-61669 88458
-56 7484
-8 -89
27336 11
92105 94593
-7556 -84019
63453 4263
82 7528
-83862 -29247
-9750 -7459
5444 -36098
62472 339
6383 8256
44797 97761
-37122 2731
54 -5362
1405 38981
16 99
-661 38
-8262 -8189
6440 -26
6380 87
-621 -34
2221 32554
90018 37793
32 -54
-16 66
-21176 6
1678 60
716 -5516
-5365 4291
-82 -9161
1778 3003
5465 67
-99170 -66735
68828 -5478
-89505 -20
17 -9
-1294 6808
-26 -75
-4538 96
65690 -98007
1017 43138
-9409 -2497
-68401 -66
73881 -36
-12 1539
7676 1707
-17852 -25466
-87 -4094
59 -81519
-6466 3201
-8472 -23
82 12281
-5280 3008
-3507 -92
38812 -9190
-45415 95312
7 -53
-43 6
-98 49
-3722 69
-64 -41111
6 1277
6269 -30
45721 65
-26940 9841
51898 -5624
-9720 -12
3963 7339
-2068 -18651
32 17910
3737 -21
-55653 -80
75907 45
-84137 -5762
43006 8807
-47287 37753
-8809 95
-87199 63
-65028 -18
90 24
32867 3223
-8605 -5823
-1573 49
-45189 874
-37376 -5972
12143 15
-80340 -9582
-84650 71154
17067 -99
21 59
-65983 75
57668 -23699
-23699 -35065
-7315 -67
44 85948
4938 42381
-100 -72
-170 -86520
-2404 -27750
-64540 -83
83858 -68
63 -1
-10936 70
-82744 -29388
-91 -622
86177 -124
-208 -31467
-73362 33
3648 24
7346 47
18 -24
-3412 -51
3340 46248
9014 -8
-9245 80
-2892 -69
97 -90611
-62981 -30915
-24670 -15
-4778 2912
-1559 55487
97633 -7246
-82261 -2299
23 -85629
-7 -9619
18064 5
50 34
-36544 -85
-4228 -8463
-41 -94
21547 84
-37666 -71
43182 -8347
11860 41
-93 -57508
49 23574
-70264 -67
-8528 5665
-9061 -34414
45553 -35136
4120 9586
-99028 54314
329 -4690
-2906 -54
5088 55846
-9738 -687
-9115 65
-15677 52690
21 -42196
93 -55
21434 -8108
-63 -6260
70716 -5498
-71 -28630
-31 20446
62 -66571
28616 8070
-21 54537
-3759 -1673
-6703 -8928
-42 -42
-50 -954
-65301 5509
-73405 -9442
-40 -59935
-63217 -53
-3881 56839
37 5932
-3584 41773
-3104 78
-92 -52
-96 37710
-34 -47
88214 -3
-3768 96
23 -26494
-35 -2065
85882 -88
-8176 -90
1579 -3
-5308 6958
-7349 11240
-42 -26
3904 100
4900 72
-36765 16464
64 -2058
-75600 -100
-61 66
6756 -71539
-67829 726
-37708 -43163
-5258 -38
79 -100
22 -8028
-91269 11
-4010 4
2 -7619
4422 1476
9107 3579
70 72633
-7 -79983
80 -61969
50255 5940
-85276 9866
-3178 11143
-79760 -28
23965 -13
10 -88
-91 -2131
88 -24
1901 -81
-8980 1802
1467 -7647
-78825 65426
5109 -9144
-97 31
37 -76479
-51453 5238
48 -96669
-87 39696
-37 -65969
-4777 -2730
3514 -54188
-85948 32
7876 -23
79973 7611
94 -93
72392 82
-69 -73426
-43249 1
-57 39856
9 3739
86 -8079
9 2
-8166 5
-39552 4784
-9389 -98
24 -55
-78 31963
-72673 52
40946 -7427
-93248 81824
-10 -71112
47 38
-6147 -59
-73 -1
-78992 7604
-4732 -61539
-8803 90
-3575 -14276
-86736 10
50993 9676
94 -92856
-5010 -2695
-2862 7281
-39 5656
-8270 -5772
-29535 -75272
38220 -6880
-20696 47
-5471 -80
13566 17218
-43 -3395
50287 -39519
27 30
-90623 67
-37321 -93726
-57 4712
52 27406
-92815 27
4303 39
67 8455
-38215 -8253
-74 -2566
-85195 78640
47 -77
-2486 68126
49102 -2493
3406 -92
-62687 22554
67763 96
66 -9506
-8650 -13123
-24 -665
-91890 27
68482 -76
17 -92
4199 68
-52260 2445
-52417 41
-71006 57636
92804 5729
7945 3548
55 40480
8505 -4680
35920 -70
-49 8357
-50 -72
80059 -21790
46 7
68 55487
-18 -3397
36258 -10
-9576 4250
-1054 -38362
-5284 -1985
22 -5940
90 68088
24 6626
-316 62
47 -17
22 83734
-2887 22151
3 1720
-91 -78444
4881 80400
-2905 -86
-49026 62467
19 4149
-17 170
-70 3115
-41811 8560
-11612 92049
-87 -36341
5585 -2
74 -5343
2 20875
73 36
-79010 94
-20535 51452
-61814 -3783
-94 72492
95530 77794
-59824 65707
60533 38
62 16276
-3033 62
-23382 35
-40446 -5418
82 588
58 56
-95266 44
32 43513
92033 99260
3911 3400
99 -78255
16 -39
-93 14
56904 -21802
38385 11946
-55 -1780
1196 30
-89774 -93
-4813 14
2582 18
-92 43438
-8110 3733
-8061 45678
85 81
4086 72278
44 -7029
1673 -2955
-5261 51
-91106 19
-2770 77
21841 -77359
52202 62351
6511 31652
-45983 9083
-70 33
-95260 3015
1147 -17
72140 20
-6867 49837
-62 341
3415 -85
62278 -64121
2432 23334
2241 87667
99 -1506
32 -84898
68910 -57219
-4283 6762
75 57
94321 6551
2091 91
70563 -20
454 67908
3351 -66731
55 46
5687 27288
88218 -9846
86 -8831
-37 5622
93470 -8268
-81420 -18
25671 1184
7838 -9567
46 30052
-14507 -21
45522 25
-8362 -671
-2881 53
1145 -53
82847 6362
-80 -51
-9729 -39126
5095 -62538
760 -49753
33 -14
-81493 -77
37 1324
-23 52
84941 519
-86617 -82912
-6942 -4559
2971 -19676
-60572 -9626
-46332 -72
79 -15401
-100 -53360
-3012 83274
986 7770
-2523 -4825
68901 -52527
76 -71566
32333 95
62 -4529
-8611 -9312
-95 -3596
-77 5281
8930 8884
-8389 -4750
-79 -62981
-5910 -4896
90430 15
66973 35416
76742 -54076
21378 76478
32652 -4245
24 4213
4032 -9930
31 8096
-3073 -31
402 -79722
-25344 -44639
6735 -58925
99405 78289
46 28225
62111 -5300
36933 9651
-56 42
4291 2890
16 -5526
-97403 96446
-75 -827
98 -87696
-64 -52282
15 98733
-49172 4519
70766 94
-467 -8151
-28263 2348
-66 -33
59955 84807
-48 9254
-7910 78870
-98151 28
20 -44
4629 85
-96 541
-7220 6284
-3765 -28333
-84317 790
5 70
-96 -1149
7879 -4332
-71331 -76
-75 85
30 -64
-99 5662
38720 25
54616 935
53 -82
75 1516
-8154 -1245
83 35
21 -2924
-39138 1206
255 49016
-10 88
80835 -36847
-10365 5950
71641 -10
41658 -14988
-87 90755
81 -9273
23670 79
13965 83
-55547 58711
41793 -3975
-92 -85
-851 -41
52 24908
-3347 96060
-8058 8506
-87 -79132
-67 29155
-23552 -6097
-3404 7056
6050 55
-66920 -37321
-5 4643
-3 7
-13 -39
-36587 27
6777 80679
-5391 57
-72609 -97474
91 100
37 6871
-91663 -56
99630 4594
-41651 -90442
412 -55279
38272 41601
4116 7415
-49965 -48
-2796 -5
-76470 42
40 -12
91 -3739
-9131 526
-49901 4041
1524 39
8070 54042
58 -32
41253 51285
298 8183
-49 -54
-61527 33
-91 -4170
-68 -59
30044 -5889
61 70
73205 -29
-1648 71071
-8892 -65
-43 84
5252 -88
33044 81
5126 14882
-9255 8027
-30116 5706
-12 -7383
44278 8975
74607 -56143
-24 36
677 4187
34 571
-13298 79960
-5467 86166
-2 -65260
7748 -73
68 -6477
2688 921
-2792 -6412
39788 -51
-43 67133
-31235 96
-71702 -18917
67151 4833
7878 84
5724 -41
3 80
-83790 -6808
4320 -7749
-5052 -5573
82 53575
27 -1396
-64 81888
32868 66638
16828 -7136
5614 -25737
-47643 -77
61 26
-9799 -4512
92 -8034
51909 -8252
-2697 -791
4890 5
-69 -16293
-12906 16607
33826 64776
3 2
-1480 -4734
30 69663
-9264 92
-41 -84
77 54670
-12123 -9667
308 -21
5 82
642 -99
6317 6872
-13704 -8753
-23725 -64575
71320 -83
-91224 42
4185 7659
16 4426
25436 3022
-97611 -58182
-42 29746
-25 -8739
-97405 86
16719 92755
9098 -6335
49412 27
-27427 4718
-50 52179
-80764 56
33 6
45436 -4495
-2660 27571
76 -9761
-11 -51
-82 -6603
62103 5132
8330 -6528
3 92304
31 -96722
-49 -82
13383 -4364
95 -1499
-71 -3769
44178 88072
414 -86
-85 -11636
-11883 62
62 44136
75878 -67
-3813 -92774
-25922 61
-17 57017
-88 41341
-11 97
58 -25043
-3013 -56
-9101 38
-48510 3857
9759 47
8 100
-3467 4815
2367 7457
-39267 -59
-83415 9084
22784 -1219
90684 7889
-13 15011
-99 59944
19 -25032
72372 98
-2774 4637
47283 48757
52462 -3
-35058 73
68718 -14
-51314 -90
-8458 -889
-71068 -96144
1950 -51553
43 -21247
-7797 -94
-49874 -76889
-63 1658
-37399 74
-23 -48749
-16966 8732
-7283 100
-54339 -42
-8970 -8242
25 34630
40 35
94 -5318
38 -86951
-77895 9590
-9905 -48
80619 -70980
-3425 -9756
-20814 74
-96429 -73
-3769 -1426
54232 -40
100 -21941
-74 96779
6275 44
49 20405
5985 64
5299 -2031
-7523 -57835
-53 16
-96606 24526
3095 -14388
-76988 -2246
-26 23
37657 -1031
-89 8650
565 -6145
-7985 2735
80804 5888
81369 65051
90 1736
-9 57
5022 90
31 6275
-75279 9281
82 -66309
7137 -22
-5423 -75601
64184 3206
-86180 -3927
-6 -16120
-54 5729
68 75
1915 -7259
1815 7099
-70035 -7817
-80561 66387
-74 7890
9673 -1664
-7296 27
-5713 -10877
5579 -6669
-8749 -1061
86053 -92849
73689 6550
39 80717
-100 -40
23 -5153
5709 1946
13 -41302
-17 33002
56100 -20326
-39 16283
-84 -8271
-62394 -91892
-17998 -3062
5 5527
5654 40
-6064 -26635
-31637 -5636
39808 51
-57 -58
15360 68654
81336 3189
2911 -1491
12720 -14719
-83998 -12
59 -41
4985 64
25216 -1081
-35 -2713
-7546 -9307
63 61
24228 5703
3137 39517
53038 -45
64 15
49846 59853
-635 55
-6832 5435
4587 -43036
-4829 8268
24190 28055
25764 -3303
3506 25
-4551 8595
-4448 -4858
0 -6320
-32 9992
-76 -11933
85909 -77
-4412 -3411
-2865 75
-91 -69
1624 -8136
-6581 5498
47714 -25152
60 -30011
-6011 88760
-92 7052
1911 23
-97068 -38590
-85 -81
-9541 -32
-82541 36
-74827 -99
-46767 59
2884 -59540
-11167 -32
94 6947
74620 5140
58 -78
66645 70275
20 -1872
6814 43612
12979 8136
7784 37
11828 -2598
-58364 72192
76996 1674
7 2269
-4666 67305
-53861 5
49 43
83 -58
-37 4469
61098 3
73732 -44
9044 7
21278 -31524
27 75435
-94 33627
-10974 -23190
5936 51463
-25942 89
7003 61
-59738 -52
-9 -60
80 23589
-41 -89345
91341 -5628
12181 -63
27413 -3915
27831 -2562
1295 -5715
9 -8024
-33271 34034
3237 1598
913 37
-86118 17303
-46856 -43717
-9 -9008
-35295 -51
-7491 -6654
15579 -9824
-7168 37388
-506 -82434
7083 -1105
-2940 -78354
-49 93
-72 -753
99831 -21917
9258 -86
-98821 55
31821 1
25 538
100 -5700
13515 81
-65 16277
-13974 -6629
9061 -47
-7 27
923 -16
47211 28
60892 -3562
-94 12
8745 -9388
-84228 -25
89180 54
-16370 -7866
-1636 -8987
-6 24550
65451 57741
33567 -43404
28 3992
88 33596
89 82
3400 -45345
7215 3711
-8831 -7938
-20 8357
-22774 99113
2286 -9325
-25 -23
43 -4947
11 2477
-34216 81753
-45 -40
940 74344
-27 31
-99 -13909
-3696 45
-99 -37
-68484 -2000
-77 9619
68 81
-24 -60318
43623 7832
99 -4
-7463 2129
-72 -86399
256 -90754
1683 -93
-1081 21
-6393 61253
1 -3099
-62 3301
-5415 -47405
-6481 5971
7655 -64261
-69 20
8202 49
-45986 62522
-9852 -98
8601 5682
6050 -63
9107 2720
87839 -70668
-2958 723
85920 885
-42 -3115
-5022 4427
-1 69433
42943 -5054
-40075 -50410
-31 -97
69 19676
80515 31425
-6999 27
390 17040
24 57
-99 -53409
-2536 4420
50741 28840
94855 70
-26 -60338
71 1529
-64874 4301
49 99
-35019 -20044
30141 -79857
-52 80584
1262 63
53974 46
57931 -8154
-29 -97
-5467 -50
-3023 -41
6590 93
67205 -27
-51333 -21
4 2827
1573 -75250
7 3560
-6311 4161
-55 -38
7586 -6199
-805 32
6081 97083
-2336 -75218
-19356 -90010
-79641 -6
50 14295
-25 -63875
-67393 -4258
1320 58107
-65 -79
-8625 50927
97 63447
-46978 17796
-1009 7182
-4003 -6933
72140 -84062
-53534 -44
74707 -59991
4703 -95
-24935 30042
-9068 -33413
-99611 -2316
19148 -99104
62127 -99992
8170 -1849
96051 12
6090 23823
96116 -8203
-58559 32
-14 41
-97363 -2460
-1298 -9661
60642 -10866
1641 -61371
92 -95
33295 -39184
-99406 1294
3631 -1
-23812 -4133
6161 91
29680 37
67532 -45848
20947 -4553
-170 -20571
-14 6667
-4601 -1894
79798 -72
-3990 84469
80013 -8403
-88 53
69 49864
-1715 38
72046 -35758
77675 -29
71900 9569
-7 -57
-32396 98888
38056 -4045
-5968 30229
285 -2
96701 25925
-30096 2245
7667 15805
28821 -42
-15 9146
-13 -18
94416 27
37865 -5903
966 -8563
-7660 60361
35 -62
16427 -2042
33 -9
-24 -45883
95 -9432
935 -95
-5071 -5654
-2333 9405
-7126 -10
9027 -14703
96 -21
-92 -71322
50593 87610
-5856 -6667
-97956 -8
59346 -6162
9988 -94
-9599 -34
-37 -1460
-443 3180
28 -51
32684 32
-75523 -82177
-12699 -5305
57 8592
39838 -65046
93595 30
85 7129
44991 -49424
-63355 -39691
66 -85134
40 -62227
-12353 4240
8982 2692
87139 -26
89076 5655
17191 -8170
-28633 -42853
-1591 76371
6085 -52535
-5917 -58919
-94698 41554
-43427 654
-38096 -5129
234 -3142
-85189 62406
12 -35
-547 68957
-90 -47082
-25563 -93
-44 -7656
-7213 93
44955 -9723
68078 89
77 -2942
-4406 -3917
-98 74654
-4913 9468
5 60844
75 -68
8674 6018
-7296 69
64517 -7
-7802 -4802
-37 -20
2497 22
4939 55790
-52 53
-20047 20560
-62798 -52164
99475 -51
58 -60
17946 89035
59 -50
46062 9081
11 -54378
-93111 38853
-8137 -85
-4035 -16
1283 -24
-89270 26
89 36
91373 84908
1947 -92
45 60
-62 -9765
-27 77
4049 4087
56047 83
38 -44644
-73 -35
87316 -14361
14415 -2815
91 -2779
-88 -25495
-51 44594
-31239 2712
80 96698
-4407 -96
44 -28457
3 64230
2976 62
-54 -38
-4 -6076
-71 40
-4701 -8754
12293 73581
95 45088
-20 8110
85 575
-3601 48804
-71 -3879
-37 6641
-24249 -33835
-6128 -224
-100 89647
-858 7966
-79396 88664
-47111 -2691
70 17
-62 1
-33121 38334
27441 7583
-73 1776
-33534 40392
100 -15050
-17513 36
-72 -92838
86 -3974
60 -44630
-8190 39
3573 -22230
45881 2973
-1832 8889
-45784 8793
-83 58707
-49 3106
2 5998
1623 -52222
8608 671
2172 38
9648 24660
-6115 92
-33 32585
-66 84
-49010 67
-7939 84588
-5983 -15
49945 45018
84375 86717
-5 462
589 -14348
20132 -40
2695 8661
45539 -7355
-22494 79233
-13153 -362
57350 1260
-4141 -30
-97 9849
95438 -60786
-3504 57
-80 -21345
-17 32
92 81699
39264 37
3608 82447
-94129 10948
42 98534
9820 -2664
-9878 99
-76 16
-1144 -78
-9203 -57
-83 18122
7217 92187
87271 -48326
-79 1982
-42 96
-6089 -75501
4383 95
45185 9611
12256 -87
-3973 -15
59590 -73
91631 4933
87 -4838
-18753 -48
9423 -20645
41099 -8474
-3390 -94
21 -2419
-86231 9870
83 -12748
-95 83
-86084 -74
-9012 76
66612 41130
96 1980
18 -13
-1 -61
-53598 -2519
7856 -4775
7326 -58
7 -23
3574 -1762
72802 -3634
7412 50277
36648 73030
69 9817
27482 -91
5380 82171
-55085 80
-94 -9
-25069 -5090
81207 -94
70 -15
-7976 6417
6221 46446
-544 461
28 -82333
26466 5472
41 40
-8504 23793
86530 -8736
40953 -12
-4801 8589
52736 -46745
-4087 1913
-67 -39
30056 -42
9153 53
-41 77
63411 -66098
24166 8383
77 -78650
-7142 95866
-5882 28
44175 -54221
-82893 -100
-57 1525
-1867 -31621
-3513 -7291
69463 40903
-58189 -33092
-31 -80
-6020 6555
13 -52
-2053 -18
-2123 0
13 20933
6504 15
73466 2062
-45123 -5070
-91 -15
-49803 83
74 -66500
6233 -3771
-83 -74614
-7413 7266
-11262 -7026
3504 6545
-58 86
-1574 4850
41 -65
-25 -40006
15337 29
-77 -8406
87 2067
60515 -39477
2222 -51924
-54952 40007
-89 -148
-97 -65
45 870
-14134 30769
60605 -6881
98795 -35
21 -87
4769 40
-82 89904
-29684 9112
-91295 41
6748 -581
-4 3504
9584 80889
71 -61
6 -51
1 3989
784 63
-48 15909
-93 0
61 -25
-23117 -30
8201 2
-56694 50883
-9303 21
-92570 -4071
8068 -87
2585 50311
18 -32
-66 39816
-67 4292
66 69232
39700 5506
-1125 75
-20492 72897
73 1546
-7 78378
-3045 -3340
6912 -48
82 -39
71 -39861
-2266 8324
-11211 11332
-21 37568
7256 -69559
-7854 4
14278 9561
8210 45180
-3182 2247
89 -93613
28428 -65583
-2609 24
15098 -6
8682 -6298
-89 66365
5094 -79784
47556 8996
67088 49888
-4066 4658
40 -70407
8676 35
-2346 67174
-71767 -32305
4330 1570
-91 -1305
-69984 43758
-9798 -65
13 -64
53 -42134
-75 7
8243 -8863
1950 -96596
-9469 -65
7491 18064
-82 5445
26399 7611
47269 3171
-2655 22094
-72729 21
72207 -35153
12 9756
82 22707
-17 -6670
7016 8779
97 -25730
56 -12976
46793 5294
7969 41417
7588 -24114
16289 56285
24606 -67963
-19628 80
-1030 45
-29 99778
50131 -13
8879 -7474
-5851 20
-78 -38
34 36
-71777 52785
-56592 3766
-59 -4568
-4757 3308
8098 -6139
7322 -2580
5873 64
-27839 43775
-8 26285
-2627 -10164
79 19683
-9840 44663
31263 4734
2182 -8556
-7654 -2013
36 -96200
-80 -2774
62 -58362
503 -34
-16167 8918
0 60424
-4 1131
9573 -8044
17478 4063
-37 -93
7434 8799
8039 83675
87 -35071
9630 -43240
39 205
-52 4861
83777 -25
-14 -19
7276 8863
-68061 76
-7615 68
5279 1043
5485 -25
9529 -81
3116 75
-43 98
85 13
65586 -70014
68 -6980
98838 -70
83 -32770
-26666 -13
57666 -71529
72 22
-8 -5019
2839 56
-70 -16221
52 84235
40095 49
-46 -95
8980 53
9 -1986
-47 -86081
-8956 6190
-1290 -50
-92419 55
-20 -28
-52 3422
-78991 96468
-75952 -58
69 -38078
-49 -23
-96993 32151
-17017 81114
-71810 -61450
-53 -72896
6671 5
20996 46039
68864 -85
-1040 93799
-63455 -68983
-61120 5814
26520 9747
-8 43
-9836 -70
46275 -45
-1012 13331
92013 28
-10125 52
14244 -5559
1801 31224
-72 4627
-351 -1621
-40058 18
-90901 -44723
-66215 -1856
5989 -28779
7616 1661
-16067 -49535
-15 43447
-3368 94649
-73225 -5792
30245 4584
-6336 -19650
-7024 16413
-9853 98082
22 13
71583 26
5888 787
7902 -89626
2885 13
-2944 -37876
-60643 83959
50367 -4
94519 6946
95488 -598
29817 85811
-59420 -4372
-46827 -54906
-35 -29
-45 9116
9745 8419
15017 -99184
9044 -88
99656 8645
-62 -76
494 -281
87 5981
57378 34403
-16 -93778
99559 6118
-5827 -94060
95239 5368
-4578 -36061
2476 98717
-67186 72
1 4518
95 -62391
18 -27
41207 83055
81933 -48
-53245 -5470
55302 -11742
-8565 3526
90 -40
14887 -8747
-3787 -6559
36354 -3879
-11 -98
-80477 -2910
5886 -24
63680 50512
70155 -46006
68 -84097
70 17366
6613 4351
3291 39
-8 68246
-8039 66
63358 64
-69 51
333 6946
-47 25261
65881 62
0 -91370
46 -71
6422 28
36663 -283
-35 -77265
3106 5884
70930 -68
-4284 -22
-76648 7306
-3690 72
65 7
-38252 -37350
-95 56
90247 63
79 -26415
-16365 -24
-43 -9672
75 15
7679 -4134
31130 4
2734 -13765
-9967 22753
9870 7131
17 667
20652 45556
9781 27
-42541 86
-15212 4334
4151 33353
27629 -72152
75660 7295
-13 -45395
-61919 -70013
88677 -99979
-3 -6872
-37461 -318
70181 88
-45 10
44 -48960
-34543 -57
8259 -28
-22 12
19 -2701
8970 37765
-4941 66
91 7280
-16 -28
63 9118
-5606 -29
-7555 -9696
-95055 -5381
78 26209
57368 96846
80 73458
-12573 -9291
-2933 -14
23810 -3014
2705 -8
4143 8
12 4277
76467 78502
-39729 -4067
1704 -34
-2962 556
-89 -32
-16 -31
-10 3694
10920 -96150
-2688 39
-94852 33291
82296 -49216
1936 -20191
-66357 3290
-7622 -12675
93150 6518
45 -3209
7677 27132
-65883 9
-837 -42
22 -25
80811 36386
-65225 28
73948 54312
73 -40
-5230 -3255
-60 -2214
-3598 -9339
-81408 -73154
-58153 31874
53 -19
7788 1822
7761 -20
-3991 -8135
34853 -33510
-8083 -15926
67 58411
834 93
-5706 -6147
1573 -10728
6320 -6849
-34 -3015
1 -2589
47 6
-38 2864
-88785 -93
-3 -3227
59892 -34
2179 85468
3811 63055
63 -61494
87343 1210
63 50744
5762 -35445
-75 -76537
-80 -7888
-39 -9746
81245 60
588 5003
-33 -77486
-64074 -43
59 53
5107 50116
-6362 -61627
-40765 2902
99 -8518
-9053 -1906
-6549 -6658
5 -72
6426 5212
-65559 -484
52 -7477
82 -5163
57472 4099
4630 -7
1328 3133
20 -63605
6673 52617
78004 51
-97 -446
4534 3890
-6924 62720
11 -76843
1 -4085
61 56750
-12166 -951
-93540 5836
83 8530
-56028 -4483
93 78775
-1327 -78
-7697 67
74 73
-85694 -7439
1350 -5350
102 133
4803 55
7687 -5931
-64 7159
-37421 -98674
59261 79257
40952 -820
61470 67547
16 34564
-7454 27741
-14910 50
75428 45928
72615 89
2259 18130
-35 9556
48633 -89857
24770 -98990
35 -76568
1725 56064
-1851 -60477
20 -8443
-32611 4489
9594 -27433
25358 5389
5238 -4225
-8525 1294
69 33657
