512
-44.3 16.3
23.8 24.7
-95.1 81.0
23.9 76.6
-43.4 -41.9
5.5 -30.1
33.5 -48.3
-47.6 -73.3
-31.3 58.6
52.8 -29.7
-59.0 -84.1
-76.2 -50.2
71.6 -4.3
2.8 44.9
-45.7 59.0
-10.5 -38.9
85.3 63.3
-61.5 -88.7
50.1 -85.6
16.6 87.5
-92.1 -86.3
25.0 -13.5
73.9 -36.5
37.0 25.3
26.1 -81.5
-55.0 -26.2
41.9 -61.2
-60.7 21.4
-57.8 -28.0
47.0 90.7
-52.9 -64.1
27.0 84.4
4.2 -22.6
16.3 -13.6
-77.2 60.2
-22.9 9.5
-34.5 40.6
-86.0 -4.1
-19.6 -72.7
-27.4 92.5
90.2 6.8
-28.0 52.4
70.9 -17.3
-54.5 -82.5
19.9 40.2
16.7 -94.5
71.8 -83.2
-25.2 -36.6
11.8 -29.6
-92.5 -21.8
-28.2 -13.4
48.2 -33.2
-90.9 -39.8
-4.9 -25.8
-57.8 -95.0
72.1 -20.0
1.8 -40.0
-54.3 -49.1
91.5 46.7
-75.4 62.9
-28.0 -81.9
40.1 15.4
-22.4 24.3
-8.8 68.0
-43.0 65.9
85.1 46.2
53.4 34.2
-65.1 -81.7
-18.8 64.0
33.5 -99.0
-23.0 16.5
93.0 85.2
-14.1 -41.6
-63.7 -77.2
-93.9 -51.7
43.2 40.8
-70.2 -83.2
81.2 -9.9
-94.7 76.4
7.1 -53.5
10.9 -87.4
5.0 44.9
27.0 -79.5
77.2 -94.8
93.6 -6.7
-82.9 -55.7
30.7 72.4
62.6 71.4
-47.2 -65.7
74.9 94.6
72.4 20.3
8.2 -17.9
73.3 19.0
91.3 98.4
-39.3 26.4
96.7 35.0
-44.3 74.6
-0.3 73.1
-12.8 68.6
-23.0 75.6
-96.2 -81.1
35.5 28.7
54.7 -64.2
59.7 -87.3
79.1 97.1
59.3 -79.0
71.7 35.5
67.6 -99.0
-76.8 -82.3
-84.5 -14.4
-64.4 48.1
-87.3 81.0
-53.5 50.8
-89.4 -67.1
-88.4 2.9
-16.2 48.4
7.1 7.0
65.4 97.8
-42.4 -39.6
-73.5 88.0
69.6 82.3
14.0 55.6
-98.0 -57.9
68.0 12.7
14.3 74.4
24.2 9.9
-41.6 67.6
15.9 96.9
7.3 -58.4
-15.8 9.7
-31.0 38.6
38.3 -81.9
46.3 -95.1
-74.6 -74.0
21.8 10.4
19.3 -48.6
63.9 -84.4
-20.7 -96.6
-35.6 21.8
-4.3 83.3
-73.1 -96.3
13.3 -40.4
79.5 -29.1
-41.0 -66.2
-54.5 -49.0
64.2 -51.4
72.4 -1.2
-88.0 -15.5
-41.9 -65.4
-23.2 -100.0
66.2 61.0
-22.3 -76.9
-31.2 -96.8
-46.7 -7.6
-33.5 31.3
24.0 -68.7
80.9 38.1
94.7 -39.5
93.5 -28.8
-29.0 12.7
39.9 -30.4
-62.4 -9.0
2.8 -91.2
-8.4 92.1
-44.3 35.0
14.0 37.0
44.2 -11.3
95.5 87.9
97.9 13.8
80.3 -18.3
-84.2 19.3
-39.5 -53.4
-18.9 50.1
-19.6 55.7
4.8 3.4
-64.1 11.4
24.7 -8.1
-69.0 5.9
41.0 -21.3
82.6 -75.9
-82.2 -92.9
-51.8 63.0
-33.7 83.8
-95.2 -64.5
46.8 -27.2
56.1 -79.8
64.6 -57.4
3.8 47.4
-86.0 -88.5
67.7 29.2
-23.9 -72.2
-38.9 -9.4
-56.0 -95.5
-81.6 39.9
16.4 -63.7
-43.2 -13.2
-41.3 34.6
-38.8 -0.1
49.6 -77.3
-64.0 -36.0
-99.1 70.5
48.5 -69.7
31.6 -70.9
-86.5 -68.8
34.0 97.7
67.7 -25.3
-0.6 -31.8
42.9 -4.6
-72.3 -22.8
26.7 -16.7
19.8 71.9
46.2 -75.3
-67.7 4.9
-26.5 45.9
37.3 -50.0
-36.8 -77.4
-71.1 23.1
-34.5 13.5
-79.8 59.4
86.6 1.2
-5.2 -63.4
46.8 -23.9
21.0 67.7
-72.9 -62.8
79.3 53.6
-13.0 44.5
-91.3 -2.8
-46.4 -28.4
1.0 -90.2
99.3 57.5
-13.5 46.6
-93.9 -44.4
46.0 11.5
-1.5 41.4
-33.1 47.9
78.9 -90.8
48.7 12.4
-72.5 -39.2
-66.2 38.8
-50.2 42.2
55.4 -46.8
12.4 94.4
6.8 -83.2
-53.6 -56.6
29.0 26.8
93.6 10.0
96.3 20.3
47.9 43.5
-64.4 8.4
76.4 56.4
4.7 26.1
-69.0 83.3
-80.7 21.3
-97.4 -97.6
80.2 9.3
73.0 50.8
-95.4 -30.6
-18.3 65.2
36.4 -73.2
-61.6 -77.8
77.1 -68.7
-38.9 47.3
47.2 36.6
31.0 94.9
-33.5 -60.4
-15.8 29.3
-44.8 -84.8
-72.3 25.4
-88.6 69.5
71.2 -61.7
-58.5 -58.9
90.7 80.2
-90.4 -81.3
67.9 56.3
-4.2 43.2
95.2 24.7
-68.5 73.2
72.3 63.5
-96.8 -35.9
-60.2 12.4
40.5 -28.0
-57.6 -88.5
-19.1 24.5
-53.4 -50.8
38.5 82.6
28.2 79.1
89.5 -95.8
-11.0 42.3
43.8 15.8
-9.0 37.9
76.1 -77.6
-64.7 -4.2
-56.3 -61.9
-4.5 76.3
-40.8 11.7
-26.9 61.3
-90.5 74.1
-95.9 23.6
93.9 76.8
-87.3 -28.7
82.6 -25.4
77.1 8.9
-1.4 -74.4
-38.7 -55.9
56.0 20.1
73.3 93.7
-77.8 -45.2
9.2 -54.7
-66.5 60.7
41.2 -22.2
58.7 -48.3
84.2 -81.9
44.2 19.4
59.4 36.7
50.7 34.6
59.1 -52.7
17.2 40.6
-31.6 59.7
23.3 76.5
85.1 66.0
-99.4 56.9
-40.7 -7.3
-78.2 -38.1
-9.0 6.7
85.6 -73.1
-35.1 38.9
-72.7 38.2
-65.6 43.5
88.6 84.5
-27.9 -28.0
7.7 75.8
100.0 76.2
-93.7 74.8
-9.3 -80.9
-16.5 -95.3
46.1 24.9
82.1 55.7
-71.7 -38.5
97.5 93.1
-98.3 -30.1
34.7 19.4
-99.8 37.4
62.4 -92.6
-72.6 86.8
63.1 23.1
71.0 67.3
63.4 57.3
-87.1 -19.5
-44.5 2.0
-3.0 -95.0
-3.1 29.5
-36.2 -78.0
40.6 -92.9
1.5 38.2
76.4 -30.2
29.8 10.6
-33.0 -85.3
62.4 -6.6
32.9 -28.1
30.3 58.6
29.4 -16.5
-12.4 -81.2
10.8 -81.1
-56.7 58.1
-23.2 46.4
-53.8 -80.6
45.6 -19.0
-84.3 -52.0
33.7 -2.4
-45.9 -67.7
49.6 -53.3
6.0 65.3
-17.4 65.0
-44.3 -76.7
81.5 -17.3
10.3 -59.7
80.4 33.6
-81.5 51.9
-89.5 -18.9
-21.0 -39.9
74.9 65.4
-60.0 89.6
64.8 -4.5
94.3 0.1
-5.2 32.3
87.7 81.6
18.9 39.4
-83.3 12.8
61.6 73.1
-38.6 -63.9
-17.6 -61.8
42.9 -31.6
34.5 86.4
-70.2 -90.5
74.6 -8.7
89.7 14.3
25.3 -75.4
-93.5 45.7
-92.1 -67.2
18.7 50.9
72.0 -9.6
89.3 48.6
3.3 -80.3
43.2 -24.7
55.3 -7.0
90.1 -41.6
63.8 -90.4
39.1 -46.3
94.9 82.4
-97.6 8.3
63.1 -41.6
90.1 86.8
-60.2 -89.8
-26.6 61.0
-35.6 -54.3
52.4 -49.1
74.8 29.5
-0.5 -84.7
59.5 -16.0
86.4 -31.7
20.9 33.2
87.0 26.4
-71.6 -41.6
-74.1 -77.6
-2.3 77.7
-15.9 -82.2
-7.9 -35.4
14.8 26.0
37.4 30.6
-21.0 32.6
57.0 12.6
-20.9 51.3
35.7 -46.2
-6.0 14.0
-6.0 82.3
-69.8 -1.0
74.2 1.6
50.0 98.8
86.8 92.8
56.8 33.8
-24.0 -53.5
51.5 11.2
71.5 64.0
78.4 -86.0
29.1 5.6
-75.7 94.1
75.4 -83.8
-78.6 44.8
-39.2 53.8
93.2 10.9
-23.9 62.8
81.9 4.6
-93.3 -78.6
-51.2 -96.7
-71.0 -39.4
7.3 -52.5
-71.7 -63.5
27.8 12.5
90.4 16.2
53.6 -47.2
-82.3 -45.1
66.8 -36.8
77.4 37.7
46.5 -17.3
47.4 -92.8
97.0 78.0
-20.5 -20.0
-25.0 47.9
-38.5 56.8
19.6 48.7
-59.9 -79.8
0.0 -93.4
63.0 10.7
-78.4 47.0
94.1 79.4
-45.9 -55.3
6.7 46.6
19.9 -99.5
-44.4 -79.8
19.1 23.9
-12.1 67.0
10.4 67.7
71.0 97.8
70.8 92.8
-23.4 10.1
-18.8 87.3
88.5 -45.4
-67.3 5.2
20.1 6.9
19.5 -11.7
-43.7 54.4
-31.9 -35.7
23.4 -28.3
78.9 46.9
69.9 -4.5
-48.1 19.2
47.8 14.2
-4.7 -75.6
-31.4 -66.3
-21.7 56.9
-43.6 81.8
-77.9 -63.9
-13.3 29.0
21.4 -51.7
-22.8 67.9
-10.0 -7.4
42.0 -20.2
60.4 -94.0
-67.9 -92.0
88.6 -28.2
28.7 -80.3
62.7 -91.5
