1024
57125 -8600
-25197 3647
-44235 -9
2421 1027
-7768 -2174
-1962 94759
-4760 55056
2781 -41898
31264 92945
17393 -7992
-29907 -77
-9117 32443
-77315 -91
-2602 -83469
-89 -99749
2228 87486
-27529 7504
-76 -68963
6164 -68
-70080 87
6759 -30
-2 2
-615 4758
24 -97
4426 35
-6329 81947
-6625 90
23 57567
-82536 70
10 64418
85 -14658
9308 -9903
0 -87
-85 -92
3306 1728
44336 -1839
95825 47956
-82 -25940
2340 12990
-1086 -50945
-8156 -70
52124 -68464
-5691 9840
-9094 -2
70752 8196
34 -86
-3988 67215
-82614 -48384
-34382 -9
-2330 -64
4110 -92742
15098 -78
21 809
-56 -65514
2529 87
-43 -959
-9555 88449
-69198 -6674
75805 -45619
69198 -9054
-27 60912
-33 83914
7 325
133 -73571
3 -19731
62831 1184
27250 93
-40074 -16072
73731 76496
-5041 7914
99 89
-56711 46400
8 -3538
-9412 53
5261 9381
913 3227
-2610 -78581
61995 -82087
-2372 69190
7679 -60
-42 -75
-34 -76684
94952 -56
-42 80
76832 -84
9451 97
7462 3242
4279 -12091
-4276 -73
-68521 -37
-4183 72929
84442 -73963
-959 -5761
22 3741
-74 68
-51 15
-22954 -41715
32302 -88
-27174 63
13 87433
-74117 7411
79370 -1859
9934 -9
38255 32573
-77 -3949
-75 62
30 -4139
-3161 -77028
86811 84498
-3994 -5908
-27 -82248
-52537 47
5858 -73
82776 -58
-80250 -4919
1259 -72113
-59976 -53
-37254 21404
1489 -98843
3829 -215
8821 -70129
65911 -300
24 160
15 -8173
-8 -9938
88 0
82375 -8210
-97 3143
36 1939
-83623 2000
-89762 -2184
42 90544
15859 -51296
-9184 -9789
-16587 -63
21 -9856
-42 72152
-44 -37
-81 -6646
-8352 6841
0 15849
-67980 8719
-95 54020
79 9846
-9361 -1059
78 95
36 -3575
-535 38
-67 8145
26539 41439
-78617 -67123
49023 -63114
8601 -6424
27306 3910
47986 -67
-37545 -51
-7284 -60
24 -84017
26860 3676
4410 -9389
-8846 2093
-8422 69319
7410 -72
9122 30028
6825 -32325
-2150 -59801
68 57878
59159 91379
-22919 32030
7376 6104
6216 3028
60 -50328
5352 59
63 451
-82 17686
-32084 4128
17 -89
4087 -1082
65903 -3425
-86 62178
-93 1258
99618 87078
-765 24
94 -6346
-2641 -42
-9865 3563
6166 2953
4313 -97
29076 3184
-97863 8806
3821 -6393
-69822 -70450
-6031 2275
-43213 41785
61 -34
-8906 -63
63 49
-5757 -75856
-6977 49
-11597 61
70347 -30805
-15056 -8127
39044 -92215
-4198 81858
-26290 -59027
29 -4939
-64300 -44
-56 -100
-37 -54
-56 -17970
19 5648
-54361 68049
78 -1802
-76041 7419
-13978 74
-3786 32
41352 -47
397 2878
34 -11
2 -11
3982 -53
98 81398
4600 22317
29 -99696
5 80704
-36444 3156
-81475 -651
6897 -75
-9515 12
88 88
-76022 -34
81827 2060
3083 -6917
70 54
-5959 -77
-31341 -46380
-8022 -79
-964 -1
5 4204
-366 63834
-8869 17
-28 7
-23855 -9914
85349 90773
-16264 -8682
83470 22
-12 -2681
8429 -48267
-73860 18
-9947 26433
56520 -81809
4 -48
-96901 52
-84 -36
-46 -24
19332 -8225
41 0
56 49057
63320 -48
7518 61
3542 -73086
-9299 -8162
-100 84528
-14810 92821
864 6991
96 9936
-8 -81922
-20154 -64
-4734 -84
58 -9518
7510 -41
-82 -15
7182 9995
-80 37
-63 -14719
-2415 2626
24283 -6297
33130 27
45518 5398
79 60803
65498 -2993
1746 -2208
51 -48
7056 -35602
-1474 7482
11042 6594
-22586 82
16 1683
-8241 -77005
33531 -60461
-91 80
-20 -3939
-8894 2154
90 567
6378 -8067
84833 89165
80 78
1118 32005
-81 59
-26954 -26
-85709 -86387
-14071 -9
-61707 -301
2750 21
99600 -44052
-58 8754
7702 -70
-7446 -28
-30 -63989
-9717 73080
86879 7563
58 -56
61 85
-85 5518
-42 86156
-6351 -5339
-6 68874
-89152 78
-10946 6015
676 59
2957 -8878
7387 93
-90586 -60899
-20196 -1677
-31651 44833
18 27
-20393 29
-7922 -9
5830 37509
-6284 -4804
1812 -8132
44796 4274
7380 -33116
27 -55457
12415 31131
-69786 -44177
-1251 -87437
-56 -79
-7310 1657
-98 -78556
30 69
78540 23807
-3927 -68
-40 -9770
-58 -31199
-2761 7127
65 -55119
-99 -7
-3175 63722
47475 -2774
-16423 8962
91424 36794
-179 9749
61 -65
73616 37615
69 9345
47 19
24 -1536
-5919 4382
-99 1241
-26146 -1481
57088 -8087
2673 3714
3220 -86431
80463 623
23342 -5
8315 -99
-72 20
-80716 6121
90 30036
-51 68635
-32317 44030
7988 -37
93 -44302
70354 -1910
27757 29925
-57 -4762
30688 -37
-7 -3049
86621 -89
-6589 -5928
-5941 6
26864 -7614
-48 228
14376 790
-84 -62378
73 88095
-55 -96593
-73676 -69
-38936 -96
-41 51210
-18 -5132
53 -87768
-378 -13897
94934 -9303
-4996 -6462
1818 -97480
61 61
-4034 -12524
51759 3019
92 -85870
-7066 2879
-52 1878
-42 -6288
78100 -9411
4592 62675
-2117 708
-28467 3147
-65397 -25
-31040 9657
40150 46352
-50258 -61290
-1145 -28
86 30922
58505 3360
68 6189
-48344 -75323
-16 -6714
-4174 -81747
-72261 61032
-88 47
75644 -20
40352 -94119
5899 -45970
69258 82
-5069 3037
-2681 7093
-77 -99
7562 -65490
33 57766
9437 -4291
39 11004
2824 16665
-45835 -2
24150 9651
33462 6159
6257 -33873
-21504 -5127
38684 2
-95137 -40168
35477 0
-63 72901
-41144 -95208
-6814 -63
2382 -9974
13 -1272
-17 9198
56054 4349
70461 -57
-86 -56
81130 -9262
3455 -70051
106 56
-30 6
28501 7573
-8874 70
17 -1837
50 2237
2371 8371
37 -5656
-17 30
1509 -99160
99 66
-80416 905
90 -2941
22 -59785
62671 -8507
33288 8586
290 -4424
82 85097
573 -84
5370 -6233
1850 2468
-92489 -71
227 -82
69343 2437
-37740 -2172
-88 1
-13 45171
-24 5187
-6791 48043
-3651 -5498
20170 -35
14402 3837
-94 4387
7195 75305
-57061 32
-6806 -9096
-89533 52671
-46532 47
88 -88
-19 70399
95 6650
4670 -31268
26 3145
-48107 -55
71751 -60
52864 -25
-62259 -92583
-45112 3361
45748 -6258
-3759 88
-97 -89385
-82600 95710
-1906 89
9954 -98
-5583 33732
-77064 65226
9652 7505
-42 65
35 -93
1241 -8110
-14 -4991
-4102 -89
-80029 39693
62 7
13 93009
7486 -78509
-20 7684
69810 -3865
-94357 78102
-67695 94056
-8104 82982
-75 9202
89 7897
37486 60939
47882 -83543
30450 65809
80243 73089
-43349 -52
22 -81
-50577 81074
-3208 -3762
71194 -8967
71 -1
-84 -75
8218 95203
-56259 7143
54042 32348
57043 54656
-5083 -54959
2207 -3836
3314 76831
-32190 -41
98 -82
66915 -911
2442 71
49 10
-84 74108
5929 -40
-600 96766
-71 3560
37573 -5
4695 -8
-6905 -4185
83539 13
-56 7367
-84 -4125
-7320 16
-39424 -23
7589 -9614
-25523 -71
32558 -90266
90 6170
-2654 48979
25 99
69998 -1977
-31 -1223
-9265 -40
-20193 67873
-51 40549
-32666 -33
-10244 -90071
7329 93695
-53272 2352
1567 4662
50 3
2103 -94
40813 7905
-91 32
-59860 -99
28187 11
-88002 81465
-7150 5786
-70 -96
-44702 -94
-40 -51059
58 -1060
-59 89402
79159 -4133
0 -77
63246 86869
5110 30111
-66980 50
-21874 1278
-9583 178
5461 -18
-11 -1686
48660 56801
87315 96395
-20 5250
9160 -10
8234 -56
-49 -24
-5135 -55414
87684 40187
77 -49230
-19829 -87300
1869 -3179
-16 -55
9128 81327
-1628 7880
-85354 -15418
-703 8491
-77 -77
6489 9432
-92441 50360
100 -34542
3238 -9331
-64 -835
-83 -4719
97 59
-2616 -5264
98345 55
-84 -60
9783 9568
3215 51359
49 -4982
-68 4664
52929 3508
36 -8913
95 15
7 -50358
-2699 -88278
34802 12442
-9958 1782
-3444 75198
4147 -82
17699 -85732
-4 -78231
9364 -31045
41 -4170
4806 -7101
-24111 -2033
47 96
-6970 78
1183 18
-7852 -68
-48198 -3793
-91 -60238
67300 67048
16 37
5654 77
-62883 9381
38 69900
-5169 4262
25 -5519
5416 86107
89449 5139
9167 93
94654 45
-7348 -6508
-40521 38270
-97412 -37
-47809 20502
7003 -98555
-47700 3775
-1037 37
32159 -34800
-6142 -2584
-52553 -4707
-5 78
-92 -76941
61245 -1178
-40 -7603
87 -67561
1885 -54
86 -81
-50677 58244
-79 -96
-15436 74695
1708 -9360
54 -26663
3341 -96541
-84 -54157
85041 -95
-98 -62
-48531 4575
-10859 22
23075 52935
-84 -7338
8709 2776
-8747 71618
-67652 64798
-79 59805
17 89300
-5418 -83
-5 -30907
1371 88006
-10303 -8865
91 5103
-51 -5969
-47 8077
-6659 48763
-5689 73864
3158 -340
-2 -2297
-9325 -35223
27 5475
-29 -93421
-8480 74
94408 -68910
-24 4
-6040 6321
42 67
7 -4620
-52068 6
73 2739
18093 -4511
-5141 -92000
-60 -59123
-1465 -82393
-66226 38856
69 467
-5769 -56814
134 44808
85 -7126
93696 -267
1527 73
-3213 -63264
-15 3879
31461 -55812
-95164 -4
-12199 -37882
60791 57
-67187 60
-18012 456
829 -94273
5851 -60112
-23932 24
85501 10236
-62435 -8613
44 -96
2484 -9376
-1270 -4944
-64 71
44 7
11437 15
7339 15
60 -56237
93 -67396
-37863 92
-83775 -1795
-17779 38
-3176 6808
-8250 12303
16254 -6624
-5401 8770
679 21
-23342 52009
2491 -23
-88774 -42898
-43652 5338
-9121 0
84 4257
65389 -5472
-76077 9625
-11819 -43576
-96574 3255
90902 46400
4435 -84467
-18 -36151
-37 -6435
39194 -38062
83 9808
57609 7
0 -327
-97770 1365
-76304 -94963
-3905 -39
5949 69030
-35 8696
-8414 -50981
8509 621
52099 -252
-97 2412
23 21257
64 28
96 18987
59017 -6902
-99 -9763
-64 -2
-68 51740
-988 -2576
-39 -585
-32580 11340
73 89
-8019 5987
-17395 -66825
9512 -68889
-90468 20115
44 -55
96161 843
575 -80214
-6362 -2386
70208 -31
3998 -3125
-28188 -1322
3458 77
-9894 -83815
90134 1247
-26768 -39257
1793 -87550
-6561 -71
42571 -3679
-76416 -15
-4441 74260
-100 -2927
9638 -77
89090 -2838
-24716 4902
-42 -44
52 -7081
49 -68
-53 1852
-9572 -39948
-59 4551
-82835 6186
-99733 -52604
-56 88
-88104 6887
-22214 95
34802 -7279
1328 -32
5428 -89662
4649 42
-45356 -2981
5817 46366
20573 96
7214 -23
69733 4084
-6 598
94938 -7064
67 17
-13001 34185
84 -58
-1592 37929
2900 -43878
5492 -59179
83267 4420
-89 -902
-73177 27973
-9384 -4822
9863 -82324
-54085 -9157
55 7975
-40 7180
10261 -69639
6264 -4954
91013 85745
-67 -90828
8524 46
-93 -3884
-65 -87785
48 6354
-1179 71447
-48 4339
-84665 51
-40978 -547
-68429 -2962
22 8
-65 -24275
52483 -9689
92302 -31565
-1359 12739
-16804 -80632
0 60
-34203 2287
-35560 -9675
-8750 1743
-79963 43206
7162 4479
8727 -6529
-91061 -92
1 -6
250 -7993
-4687 -51
-92722 -51903
2982 -1150
22 6667
-19501 82
40017 70280
92 61712
-90 4708
-87 6615
-2313 82134
-5750 -5149
78513 -97762
-98 -93183
78 -98035
-1498 81
3045 3526
-6308 90932
-6464 -65
92811 -3540
83734 44
-6661 59761
-96309 83
-13 -63
7667 12907
-5696 40
1544 -97
-100 6
-53088 79674
-72 -86
15421 -43
-29722 4718
-2232 3710
-2644 7534
-78616 2369
-26227 -87
-399 -89
53843 8519
-37 -5065
-539 5284
2282 -4342
-5754 -57
6236 25
-79 -4739
58 -20315
355 55
-3328 -84273
13347 7885
95518 -2376
2285 -1
54 2126
53 -6905
1220 -7
75 65
15725 95
-1 -73781
-21 -57
-1104 -37147
9389 67
78503 -1166
9544 -83848
-20811 79216
912 -7469
59489 1716
56688 -8027
61 53326
-27591 91
2300 82
-370 97
9 27312
77 -30
-95 64694
-3657 -15
-261 -77
5980 -7844
-32 8617
-80 23
5733 3941
-8854 6592
-71 3022
-7835 57
-9896 -43
-79798 7431
19 -1849
23824 12714
-4268 -97
69 71278
28051 -55648
100 -35440
64 14
-49139 8096
-32936 -7800
-83 -30558
80720 17579
-8440 41
-29005 -23072
-8258 -95
2439 67904
-31055 3261
-66 44
-69922 -25700
-99 3906
-90 50068
-7390 -3945
-72 -9444
60 43
73395 -72199
-54 6519
-21 -74
25 -6248
-46 -48
85089 -54
91464 38
1647 -42525
15 69
96 -31030
21 9637
77795 77686
52 93
-10228 57
-28888 -46
-12174 94101
7600 -31
-63908 27
-4622 51863
-2370 -89
42036 2239
12 93
-8965 31
50 -2589
75 -88
-525 -8777
75 7586
48 71
17 24166
-85967 -1151
98207 8326
83 5259
-7105 -6490
