256
-43282 -349
-3750 1219
-22 57057
7220 -2541
-33139 -59112
-65 48
31242 81596
-73538 57
-62 36
-18 131
-25236 27360
9844 -79611
-2639 83
33078 22386
-97747 49746
73 -7203
-26 39058
-910 -31150
41 -9130
-25 3610
48392 7190
-9422 -37
-9213 49031
-8807 -23856
-28016 28729
-924 12
94690 -207
61195 -64
-8803 59060
97835 -38
9444 -50
93 -1687
94 -38520
-3031 -89962
11371 -8030
-96537 8127
6861 7760
-6281 -36214
-6188 1854
1999 357
50 91182
-52 -1194
-75547 32203
5307 11
82019 -1753
9103 5589
-7290 -12
-80 93
-40 -1073
-3270 -25
64 -83371
-36 2567
-21902 7681
25 24772
-9125 18
18 -84671
69 -6729
-46 -4160
6620 5506
87130 -3888
-78 -4851
-87324 50
-4 -89241
-26 51763
44 64198
46 1065
-54020 6238
-3378 -73409
-5565 25609
-84 57
-4434 5361
-9631 -6348
-28 89531
90185 -2774
13760 96
6979 -70
-36 70
-14 -48
8373 -82
-93 -18701
13 -18766
-3 -2898
4720 24635
-70625 66599
4577 3964
-2 55353
-39101 0
4038 -2943
28 34229
401 -8545
49818 -43724
-26987 -5738
66938 -74
-89448 -63370
38 54
-4413 -72186
-8831 -34347
78901 -57
-26941 -24984
-3675 -8953
-5 4034
1930 -811
-21 9766
-2608 1383
-30 3
65 4302
-72 7673
18405 2240
80 -61408
-77 -94812
-6277 -88705
2336 -21
-85686 51118
40 -17215
53 46
4 -10
-84165 -2142
40 99
71847 8087
-70565 -38057
-5440 -83
39 -67
9644 -65695
61 0
37 21626
-37 -8201
-22034 64
87 -32
-12 2389
47 79
-6438 -96774
58518 -12794
-59 -4139
-10 22
48 -48
8 -5935
6124 -69
-5887 -691
-15 -30860
-89 -44
-39 7948
5107 -2898
4199 -10364
-17488 1
8919 -2340
-9326 -5
-83 -22506
11098 -4178
-36994 -8775
-9860 1347
36348 32439
-71 94
-89 -6930
-76 -55349
-84 -45
47788 -32
-2027 4
960 -10
52 8271
28 1823
-4060 -5
-3656 9367
32 34103
-64 34806
-2407 -45149
-98412 -3062
22 -2143
94 6322
-6080 -16
2392 42
23228 -20409
-4785 -66851
-1135 -5150
-37116 -5174
-10508 -87322
-65856 5978
-56828 90
-80 13
8472 -83
9 2110
7963 0
-57 19
-67098 64620
51456 -6975
-98793 -3770
3699 98
6694 78804
-6531 -32547
1215 -3845
-28173 -20
48 20
-49833 83
-6076 -36
87053 509
-577 89854
41191 15831
-3485 -7095
-85 -80281
76 -33883
42 3767
-21 75
69 41867
-66138 -25
-6192 8261
-2 3639
-52748 53638
7198 -83
-16731 -8682
-53868 9377
84 -82
-405 31
87084 62416
0 86
-82 69736
-79904 14259
32651 4659
67 1
-297 -29
-91466 69
-98972 78
-2 -67722
8148 -93
76 2853
-57 -10
-9617 -2881
-30 -28178
-73 78
-28283 60
-802 2923
4730 -52563
55353 27940
6076 -8606
-62044 -4851
1809 48
54 -1746
-76 -46814
-9794 -44
17 -7200
-61638 19
-58 51113
-4778 -72
52 81
63 -60
-57 -3261
60231 -8092
-4479 -48552
-92399 -57
36802 -3
-91876 65
-3 8569
-98987 24899
8608 -9575
74403 -8422
97807 -942
-48 -23
-68563 66273
