8192
-16 56317
-4077 -2553
19106 85089
-1825 3880
89747 6005
51 -94
7711 -93485
-1477 -90
-71 6
-977 38
-48 60232
-7974 -66640
-682 -56
-94 91
68757 -9365
-82 -7967
224 -8488
8308 -1313
-60 -66171
3197 -16891
-10 84262
60968 73
7 -59
5 -8335
-12655 2054
-25 55000
21379 -99
-49636 92193
69 4368
30348 -5937
-9686 -57
-45 -83
16 -39248
-81437 49
-49 99
931 29
-98457 45756
-84345 -22021
86302 -21
2495 -77510
-30822 -12599
46 -65
8035 6850
-2078 3942
71783 9598
-96 -68
22 -81
7 -67646
30814 6937
-3 1453
-98 9117
1609 -49
-3967 86853
-5826 -556
834 -43996
55715 -10171
-9 59
-6 7529
-29275 98
7617 -34812
-64474 -19840
5354 52
-21387 -51
2906 -2497
-3680 445
-36 3916
1217 -7971
69518 -5996
2309 71087
56 -7188
22890 9710
-1349 -44
-78 -48420
70 -22
95426 67
31 -34
24822 8647
98010 -39
-87 27
-38588 61
-21 -2008
-39 98
54 -52895
-20046 8908
-49140 -9277
7 -7697
-81367 89977
31424 -6
-68 10
42002 -82209
35 -91255
15999 -60105
-97 7401
8458 1961
54757 8539
1820 33
-3430 -85
-6 32
86937 -52834
9 25607
-3343 11
36062 -37
-82540 88
19060 -98
75963 9194
-97460 7729
85 5207
-7467 -54
70890 71
4790 -20076
19745 -66493
-57 4510
3887 -26
30 -8119
6163 3425
75 -28034
7038 55337
24607 -18421
-29973 -11
5250 95
37 25
-61743 72521
7513 -4832
81883 -94
98 -38487
31384 -70489
-91 -80
-9551 -64201
8870 92800
-9608 51
-17 4
60051 17286
-78860 96373
-86 -19
14424 -9864
-56 68
-27767 886
39 -94174
7477 48007
-94 -45217
-85 5279
-58396 -9441
31678 -5959
-9547 -58454
-5236 -5818
-15479 30
6302 65
-8710 45673
-2 -34
-85983 28479
52405 -24
27542 -8208
14963 -767
-9729 40
12 78
-3114 -30770
-2228 6
61 -75
56011 -6935
702 -79454
86528 92138
58 58215
50777 2167
-57340 -945
-24 -81
67 76
-11678 -30434
80274 -3935
94868 96581
48 72
-2775 -58
-28 -99958
-7581 9226
26932 19785
-76 85068
-3923 89
-8793 28
31404 -38693
30314 -20564
19 -54421
-92713 -6614
-59111 -875
32 -3295
31781 1627
80252 3214
-17619 87
1045 52303
-27 63045
-9288 -2309
33190 -19
-59 4034
96 -13
50 1480
-61851 -47
9269 33438
-8 94
-20 98832
-3542 -32
0 100
-104 36803
-82599 -5987
52323 -59477
-5394 67702
41 -5525
32788 -9633
-25960 -8063
30229 33868
4494 -66
6618 -43918
5623 -8557
16714 68580
59 -80833
-463 3359
1036 -46032
86059 -12
-9883 -84
2093 6605
-44865 70760
-5142 9929
-11933 41
5573 568
63669 -67097
724 -9924
48521 -1008
74750 16648
-73385 4543
1581 -31
-48 40526
6 -16
6308 61
97756 -53142
59237 339
-4958 1263
23206 18
7812 2135
64 -38244
-9858 -37637
22984 7687
-28172 -79
-2900 34
-29 -51
62110 28362
25 46
-1936 -23718
-51 -27
-72 54
-954 -84
-58 -32099
22317 -63
-152 94
50101 28
40 -15068
2540 -34084
1885 -3293
-8152 -17569
-80768 -85390
27 -8251
183 -14789
69308 -88
16746 28044
-50895 -25
-41 72
-80 26341
7882 6812
-78091 60365
-60591 44
71 -3986
-62811 6790
5689 62453
4439 50
4099 -43
-89 -91944
208 -54571
-81637 72
-40042 14027
-9 70
32 6635
5671 50
8324 -5581
-17497 -27
6857 -2479
-7442 -16026
98623 57966
16 6258
-3272 63
-80 63
8959 38690
1460 -9042
-96161 84048
-80815 0
6122 18041
7281 77030
-35802 49
77 6382
-23916 -57937
-68377 95896
-9487 53
-78 76
17474 19486
-72 1508
-36648 -3347
-3144 -35956
-31 -66225
63279 -3174
8427 -84
-60 37517
-37437 -3456
67191 -85
44107 57655
18 -2888
-83 9993
40115 48
-52588 -21
-69046 -78
93043 36
34668 44363
2512 3523
70 -58
9287 -36
-42702 -4
4230 -9785
2350 80
-842 -3589
65 29462
-79 -6587
3654 3286
-59002 80
-2331 -8
-85416 -18990
55515 -3543
-74 -44752
6237 -87
-40 -6050
2627 20933
-11 78
-1782 -19352
2471 -10
-46379 -48853
-82 60
32 -19
7074 8805
-24 -9605
21752 -4
-5390 40041
-9 -60
-96565 -58
59856 34
-19 21706
-1863 -3477
-48 -6552
-72 28115
0 -93
-60821 -43281
96 50
-50 27609
4543 17
65460 15
8 22
-4801 -68
-56 72
38 -326
-8326 -43606
-7462 -21252
-9385 90
-100 1153
9601 -72
-90 97
-3944 -49
-13 -80313
-3693 -1829
-87 5640
64 33
-3141 2598
6191 -39125
7815 -83
3901 8
13 -8672
3 77
-66 -2787
-33 2220
65 75
-5080 -2214
70494 -7213
88 -6306
-7444 51583
-7513 -2750
28597 -523
-344 94
98438 22
369 29187
694 9862
56 -16
1747 81
-9670 -99443
5973 1679
-18029 3099
5955 -33922
69 3608
-71986 11523
38651 -100
28 -58
28929 -4893
83925 5827
44255 4657
4249 -11
-44495 3192
52 7679
18789 27483
4 -74114
61 52856
59804 -3767
-1602 -51
-93449 12956
56 -52
-28226 -85982
3294 -98537
-3432 -23
52 -39717
-6495 -6330
-22 -60176
61 7692
93155 10
-52958 -528
-99 -4016
-63 -13080
85 -30245
-51 5524
-8627 -32
71 -472
68596 52362
-80900 24124
-433 93183
-1316 -2241
54186 -7859
41 -85
40331 -3279
-55009 20299
-191 -9246
-50383 -84
43 -2609
-9805 -92744
66 -3239
1 47469
-26711 -5692
-59 -61306
-64840 -764
11919 -55320
-65561 -4638
11549 15
-83758 1654
1871 -59
783 29
-19 -25
38549 -66
74398 84
6896 -1889
2702 71692
-1673 10
34934 79510
-56 -97000
47536 60
50 54
2827 -3920
-86339 7313
73051 79827
-40 96158
1409 -55
68 -41990
-18 42
17 -50850
85 -47686
5521 -29
-15397 20
69 -7810
-63 -8502
65612 60624
-88825 48741
-7469 2796
-52654 -56
-73 -74
51383 52
13 -9893
-46 9003
48 -43
-58 99
-8117 -88746
-94 65487
-70 -22
17 -30323
73 3
-59435 5207
40817 -24
15583 -672
-46983 -12189
16829 35377
115 73
4195 -43
6966 2395
-7597 55782
-24 93169
-42744 -7580
-6524 4714
-22565 6977
0 -43431
-98080 -9902
83 34049
91381 2473
-15015 -5587
-52425 -11
74772 -9776
-22 -8044
-18413 -8090
-61119 -7496
-61 1990
90 -4506
8326 -97
2 90
1 8815
-6194 -68
2197 98
24 -34
-65 -72576
-3631 28254
-8238 -10
-88847 -6171
-3423 -7901
-3 2852
-2840 -3628
2343 37896
44 -49010
16149 -81318
-83747 -1732
44802 -4428
79331 -30740
1632 26
-98 55017
51001 -41
-25475 4249
9645 -7292
-82280 -82
-24964 119
-9383 -16048
-18 -52
-18068 1843
-378 63
-2545 8560
-50837 -6522
-4071 3366
-5824 -66377
68 1969
-35 -5244
78667 -5351
-7 -4081
-62 -7919
1308 21171
59052 12737
-90 11
30 -4720
3512 71484
64 8670
-18025 -6359
-46433 -82
13 -79
-3 77163
-96 -8
-50 22
-4761 2915
-16 85
49023 23499
95242 -72
82 -34759
34343 1739
56262 -27110
-9996 -56750
-77619 94
-3803 -32684
7517 -43765
14920 -85045
54832 -30
82159 91
715 -2489
34 88
-2993 -5169
-79 -56
60350 24917
-96761 -1662
-31494 63
-26861 16
5382 -1081
82815 9101
-45636 3278
19 -4290
632 -35
-9084 4057
51666 -13038
92 -6665
-42799 -54
47836 -85
-60026 8697
-91303 -2395
23 -71
80 61988
-60409 -91667
-18 61640
50 6351
-49778 -19
46 -83
17 2150
48189 60
-1289 -17
57451 -2451
10103 35900
83 32118
6791 75
-9738 -45
-85 46764
-84 -75
-14502 -13422
-636 8891
55401 6376
-9584 -30
-75102 -62183
74868 374
-45302 -8714
-88945 9386
-8344 4784
-19261 -163
-14302 -96422
-5759 -5660
53380 17
-20607 72
82 -18
-86427 90
2439 -96
-8240 -14
4029 -31719
57 -23
-56562 37332
13 50497
-90005 4510
3998 -224
-44 3234
989 -19
66835 -78639
-10161 -42555
-50952 -341
-69 23
-896 -83
-99 56
58 -2033
99943 13902
9 98183
-10067 53
6 66304
1773 92720
-66 7923
-6943 12
-14 4754
84363 48617
-2580 -38
-28 -4431
6847 -8488
-6533 52
-63204 -33377
8001 -26
-2642 51
-9675 -91
34 -84657
90108 -3314
74731 -822
2355 3695
-19385 31607
-26699 32
-3667 71
-95675 -95
-28 99
-2563 62361
96 45
7487 -16
-67976 988
-736 5710
-20 -60556
66842 -71959
5 2704
-34375 -9205
-23 -9
-12568 31
-62 17237
84 22
-79 82004
93606 98770
990 -6320
7068 5620
-66 -49
6685 -43
-25 -16980
-8090 3089
26543 3897
-1585 -91
160 94115
-1191 -61
-1250 32066
227 53
-66 151
-36522 -6788
14444 -88
-37 -3522
-1484 37
7732 12
43892 -7178
-9 71894
-15970 4086
-59 8890
-51202 13
-69 -71916
-6721 2696
-75729 8117
-9030 33
-68 0
9767 -3
44112 85751
63679 -27
-9109 -5718
-18 98
-4079 -31
39575 -1463
29 0
25 -31153
-88613 -33311
69507 -77149
31 57368
-96858 -82420
87 24349
-54686 23877
-67368 -32024
25 -21
87 76
23 3138
-9537 11988
5410 -97
-34948 18327
-9187 -1312
-17 19
-58 59187
15 -50
-8690 48
-96606 -94
62 49
8 -77184
-8 54168
-51 36844
-21381 -67
3198 8
4765 -94
-68496 67409
6254 48898
-61 2430
-14 36
-8 -1547
-70 55
-63488 276
-3726 98
-9788 -4704
-80647 -19154
23 -64195
44 4137
7883 6146
-21 12655
-87 2
-94 474
-94 -8129
7108 -1185
41651 16739
-33 -17
57 -98050
-17428 -66
-4083 48860
37734 -63765
54 4
-17622 -26
6 81196
1017 2458
68 26435
17107 -90983
-97 -43318
-32136 90
88662 73444
6312 8807
-61 -36606
28658 -17621
-7510 3066
47 1475
-37936 701
-2407 77155
6 -70
67141 -11
-20070 -64
-756 -80
5807 -9926
-41321 94548
-73866 2123
-28603 -50878
29 9348
54333 -84076
18242 5416
-27 -19
-1669 54
-52 -15103
14659 5112
99 69499
-6051 -40
-37530 -39
94 -86622
32 -7
71 31
59600 2075
-38 -94156
-24040 2493
-70 72
-23079 9949
82566 15847
-46 41434
16 781
68739 -35630
57 -8552
-59708 -9901
70 -71
93 14281
75605 -23324
51 -8224
9596 99183
-88310 -76
-82449 -50
100 20950
-55 56759
4688 18
68 -8346
-3387 -61007
-13320 -99877
-83520 83
-9227 33781
5490 -30726
7878 -836
87055 -44445
-100 -9062
849 -1897
58812 -4369
-7169 -66740
-77187 7619
-43 -77356
96239 69407
62 -2645
-97 -6849
-4691 -65760
2029 -81
-18 6330
-3157 -18907
-19993 63062
-6050 10
-60103 -50
85347 -76828
4260 12
31 -14
-12 25443
-84013 15
-1467 -64531
92039 -4675
-15 51753
84 -88
26 9938
-56769 -3033
-35 -10889
49 -5
56 -20263
-43 4037
3298 9237
38 -5002
3 -38
4862 -1684
-8118 4851
-23 -931
-287 4300
-30 6089
5210 -75874
72695 91647
6007 15103
94727 -5161
-13 -1968
-46647 -51
-60 20
38 -85851
-54 -37
36878 64
-48310 -42
68444 -50
11765 35
-4568 -78844
99 -75135
-93245 80550
-18 -400
54914 -27737
2115 0
-50050 -250
-69 -55112
44720 -9332
3 -11973
3972 -61748
63 -59
-29 -56
-49028 92
8804 3407
21 -5343
69 36
3442 79461
-25 -68826
-32070 -92304
53331 8378
3493 15433
-100 72449
40999 98
5872 2581
-5165 81299
92502 -60
-5976 -45
66567 7269
4 -20
-9950 33487
3490 -44993
2668 1153
9340 3818
-99 -28342
7101 85390
81484 -6517
99 5969
37423 -2088
15086 -53177
1119 70362
85243 15
8506 -2800
-67 75
67582 -82
5366 176
-52 2676
69 95
-1353 -10181
95939 -49716
5745 77357
-26 -100
-43 -7481
6803 -5430
-15 -74924
9 47
63 4521
4550 -6438
25615 -5651
5159 -83
21091 -35
-8635 -5625
-37851 78733
-6443 61222
-6798 97508
82 97
47482 27
-47332 48570
23 2362
-85031 -71964
41 -36348
8547 -6
40 -8369
-7456 -39916
-2247 -66864
-6465 -76
67000 4226
-36080 -8
-55121 17
97294 65
9582 -56027
-76 -73
-15913 -9261
-2083 5512
-59104 -75786
6783 1780
1356 -26
-202 -9211
9768 41
28563 60710
-85 71
25 -7077
69013 -37122
0 -5652
-75478 -20127
-81 692
-82120 25519
-65844 1135
-66567 -14
-60592 -6
-26 -12974
33132 -78
-25118 66917
-41 -1
7698 73598
-39186 -94169
9277 36
56521 3370
-6097 -91790
1173 -26885
9211 85150
46 78846
-84316 -2
76 5387
-7529 69
58 5513
-17 -2107
7341 -7984
-2766 -14
15806 35
-4886 -37
-23995 -81
46425 20
47139 -4704
-5339 46119
-9031 -77
91182 24981
-85083 -95605
6 -39
3251 -7270
2796 5490
4724 -58032
-70 -6288
-79589 31
-83 -87888
-78552 -31
60793 97559
34 -41
-2887 2326
-3491 -25826
-56 -95876
80306 -8
-6927 85
-46565 -75
-96 -94354
19 -62858
-3224 8666
1151 -7534
48 88685
959 -16889
35 36168
21003 57
46 90860
89004 27
10 71323
30 7515
-9393 -8853
7514 45436
5871 48432
85509 -3698
86 -1406
3946 -24
-9455 5971
-7897 7039
-7204 -26
-73 -47
-3608 -8671
-63441 -35
-8982 12625
98 5561
-16273 2165
-51461 -50
-188 836
-53 -3097
-8610 -71756
28761 90614
-93 -8545
3218 48108
4468 7191
-83 -1710
-79 -5027
265 -17462
6427 -78212
96533 -9581
9594 -5170
55 1785
-18 -3938
4050 -8196
-7811 37
-66216 1078
-27827 -79
82338 91
46532 -77029
82827 98607
-86 2753
17467 -87
8506 5873
34 99
-55 -22009
12 -43
64936 -9260
-47242 -61343
6566 24991
-489 -19
-40 -31976
-29248 -86
35671 -8380
-25062 22452
91 1892
7 0
-13 35647
7 81137
-4619 73
-41986 -91508
-75162 44
29 -49214
-17 34
79129 -6706
84 -43
7158 -65960
-76 -6778
5511 -56848
-50 -9080
-66033 -85547
-29 8894
-11 31773
-403 5275
-22 -59613
-3 7
-32 9881
-83822 6057
3966 -84512
1260 68802
19 -44344
2914 3870
-63470 35381
58 -8938
3271 45
33555 12068
34148 -1252
97768 49
-26384 -89
-3 74
-6456 -6727
46961 -21177
-5991 -88735
-3798 97750
92275 51
98053 -3846
48 695
-17 75
8457 -94722
-91 -8
1202 -2916
-57 -42
-85696 -8348
-2563 36
-71740 2758
-80 80
47 -57
2798 -69
53311 -9149
64 -52
-15 -57846
-2145 12205
-33603 -99988
60 3419
-21944 -75659
628 3028
-2352 -54
-5567 -52
-3994 -59931
-6531 -97392
8648 21624
96278 -87127
-16 -66
31327 -9365
31773 -3614
441 -8544
-48094 8358
7048 -26812
-68259 2265
6458 19
16483 -86
20 -93
17559 2940
-74110 -5733
9195 44985
4080 -7522
1779 565
90 -28222
-100 -44111
-5759 -9198
1787 -24
2661 50
-2248 3700
-72 71254
39 748
45207 -34
-26509 74
3663 19855
-42470 89476
7452 20050
-5006 25
68289 8579
84 50
71568 -88911
-3383 -61
-9147 -3347
97 -52
7077 5350
9993 96856
48810 1298
-511 -6056
83745 -87
94618 -52442
-7902 -6109
-98888 -15794
9116 -29
95 -72329
-1684 4540
-1406 82
-21 34042
-3272 -57242
7857 -9749
876 -5313
11 -9736
-901 -49
19809 -43615
13 94957
-29 1610
43 43
-90 -44751
92177 -95
3738 24305
-6221 8907
-38134 -31212
7683 9768
-9643 -6215
35 -86
55 -6025
-19030 13
-69835 -68
-3 -71056
-73955 -18651
14081 87661
-20171 -29125
84579 56
18 31969
66120 -54601
70287 26
-1822 5921
14274 -25
-56635 6190
-6 -1000
87861 7976
-86673 -3303
-37 -7675
5110 -9943
-6733 1679
5464 968
71303 6565
6971 -53362
17047 2840
31412 81844
-82 96998
8962 5462
49 5603
-9818 -18
36740 -7529
-86952 9
-9837 7
-57687 9
1353 3219
8201 77
60151 41193
3805 57
-4832 58
41477 2813
2668 22238
-75332 -94513
-31 -3600
208 8969
72441 -85
2749 6174
-23880 -4811
18 1193
93 88803
47 275
-3835 32
-87764 -381
-58 65049
-90013 59327
80302 33
-14 -9394
52044 -27059
69 3082
-24661 8
-39563 47038
-5 27184
-95344 5870
-80 10992
26741 2044
-73 -82
-89311 -48
-24221 83653
-7611 89
94746 74
7046 -96
-76 5372
30457 78
1009 -28
-7688 76
67871 4289
6204 2467
47101 -7260
-47898 -5377
9155 37
86752 17
4314 -23
-14 390
-5719 61
90988 -60
30 70757
17 60
-7444 12
33213 4
-134 -3860
-6514 -40937
53 -71493
-50 6321
-8961 -22564
82 51554
9381 -7328
57 -52270
-94 30797
88 -3208
-4973 -6787
64403 71968
73 -61
-41390 -23070
8831 -6436
56070 43882
3833 5620
-6 52469
2540 -39
-5475 5070
70 -64
-71351 7455
-43970 27965
45896 50
-5573 -73
12 3508
-62 92770
65 79
-478 22
100 -4
8673 -3391
13707 -68907
60596 63098
1 73
8489 7481
-3313 4733
-2750 32779
59 -44490
74174 89
52503 -86
-16257 -55
62 5378
-36148 38751
-18835 163
-22 90232
6452 7993
8194 -5
97 11
-3065 -46
7362 -7240
21465 -93
-36 65195
-75147 -87
1521 42
-33 6228
-44213 6205
60 -9380
4413 -1838
-58167 63
-5 61
-1 2526
59292 32839
-73 1370
5 -97
50051 -53
4267 2
-4777 3790
77 -19125
59421 82796
3468 47637
4883 -40389
-55947 11603
-69 78304
2607 -52730
21966 17265
-55552 8349
98456 23
-30082 -5023
57629 -18
-41028 3676
876 46
1174 -24
-4 1
-72534 -86
-9496 27247
-49 -30
69246 -31583
95456 -26
-77 -7245
1334 5963
-34 -8207
15585 -91911
2153 -74416
5838 -15
-52 1562
-28604 -78
-34 6936
-99 -53402
7689 -37992
61 -1
-28405 96477
-62196 96
99 -49045
92115 -26153
2120 84199
24 -27
7030 -76
76021 -29
74 88
11 -11
-26009 7739
45 -6422
-17 36
-15 -9358
3351 -2535
19 83
73747 6
27148 6139
-36 92
32 86
-17832 36
-94 41
9026 -8534
78 -58
-49113 3286
88 -8884
-36378 53751
5923 1608
-31 -13971
58 -26958
179 -8402
-13723 -496
-84954 15
-93963 2374
9776 2447
82087 24277
11418 -23
-6098 -2499
51 16
79 -37388
53707 35253
8 -60116
57104 -50076
20994 5150
-3839 -84
6255 5902
-41 2166
1793 -4234
-36686 23
-63390 -97
-9311 6376
6208 30594
-6469 -3457
1 -40
-1 -5041
4735 -86559
39860 64
5068 7594
-40570 -89757
84 -62143
-20923 -59
-26 -23329
-4572 -5777
50873 92
59 43280
9 -22277
5736 40
-5279 -74382
1889 -62
55976 -17015
3314 -9912
-4 24428
-25073 4009
3 6323
9375 -12490
11224 12
44168 -4
-77 -29987
2 45
28 -31
90 97
6084 -5263
94 -37590
-47251 4220
5458 6749
-38 76585
-3695 76660
-72682 -86251
-76 -23
-33 95041
15 5237
-790 -22
-23101 -25834
-82451 71
36 -4016
6064 -75
-9303 -44
-908 95
-35557 9
95436 21155
67436 -6219
58 -78748
-2382 -7904
-4794 61884
-84323 -79
-6800 2249
39 5435
3267 -3138
-5855 8976
-7 48
-42 5810
-70978 3977
-62 36806
-52166 -2348
48408 -68467
-31008 -82
5462 33220
-8231 -8565
-50577 -41
70120 66
56 2714
74808 94908
-47445 13320
-24 -5885
-96 3404
55784 -71
-25 -35
-99 -2011
-88 -4113
-9901 -48
45120 49
-91 39813
-4033 7432
-7630 -54
28 2417
-19 -86
71826 -59120
-4903 2688
31 -8629
-4152 40456
-2879 65
-7503 93
9980 36
-83888 -1851
50812 8664
-53 36
-33104 -2421
-67623 -88
-95 -79554
43 -79866
-11605 138
-3672 -41295
-88290 -26778
43118 -3126
615 -71
-37041 4707
-43 -70
10 -4987
5133 85
45 59653
8332 7090
-43 -1
-13184 -36
47320 -5774
-75630 80906
24 -17050
-85 5792
5544 -81
11 -6406
75269 56118
79 9035
-5787 50053
8463 -78839
-40 -19405
-9 -68105
-86694 -5864
-2589 2368
53043 6306
10607 62370
45076 8
82 -27452
6050 55
91 -70666
-18761 -6759
25 26
-3907 -951
-8369 0
-78 -6956
28813 -49
96 57
49 -32
20612 -20009
-43666 -5462
7229 -31843
-21418 -60
88921 -86
223 -62
-40772 26749
-46777 -38
36757 -12164
88784 72
79 60995
55 9975
1901 13834
-84 73929
-1604 18391
-44814 -55300
29 15
-44 -34743
-15441 3687
2270 -8986
-24799 -57729
-37861 43477
4322 2624
2321 90
8769 -72838
-2514 2842
-50 53719
-1030 -4745
-3244 91
-87173 63975
-12657 38536
-89894 -59347
6024 -85644
-24 2207
1567 -3953
-35288 -65
-80 38332
-99 -6273
-6 27
18 23036
-69 2
-87 1361
-30 34
-86003 -3247
4277 -98
-92061 5716
98 -1255
9134 88
-57 -84
-48904 -98
-62214 -38439
-49302 1435
-38233 4960
60371 -56
-8406 -70316
-363 97331
61 8017
89693 4923
-4259 -9084
42317 8074
12844 -75114
4627 52191
32 -56
-81 39393
-49 27993
0 -29461
3976 12092
-36 -76
58180 -92934
27597 -50
30706 -33989
98149 6535
47 -8987
5993 -8786
66080 1929
18686 -88890
-29088 34288
8748 -11261
-3424 71987
66 4918
88068 10
134 69902
-56 -23679
6660 26
-6447 -4109
32 3744
-6435 12
96346 -93044
93 32406
-39477 33
-14 -5072
97363 89
-6395 36320
31275 -9580
6071 5624
5289 -9005
-93 -52
14846 54
87 9962
-65 63760
-67 -2406
75161 23
86 -4774
849 9752
-8965 -54113
1707 38824
1673 3725
94009 -2120
-53 -99
1450 -491
-912 18
-22850 -72
3987 -3926
-3062 23400
-8080 31121
-43231 -34
27989 38
9779 8470
-73022 7
-35 -75457
8 -22
-88 -4261
16659 -4991
-5816 3668
76868 85800
-8650 -6
-137 89
54489 -38243
-90824 3834
-2625 -8624
-717 -18
25 -77352
-95 21
98805 -85
60218 -95
17918 8108
64945 3172
91 -65694
17141 32900
48 -86
90855 -78388
-20 7877
45 -34
63832 56
-87538 -76
18175 5891
-84 -13842
50678 -98917
-2355 -53442
-2921 -20
-1298 79
66463 -87371
-15858 -21
-75495 -22204
16836 -40
-9306 -8642
-49879 -62889
-74 37016
-62 -3995
-9 57884
3537 4550
-2648 -7949
-59 -88760
-54972 88062
6333 26
-22897 91
1697 7867
46 28
-4949 71274
17 -2376
-67 -53692
4418 -60742
-60 7
-69419 81
34385 -51
-20 -16
6434 -90571
-75539 -75
-68 -57
-57 -10
-84 -6501
0 -77
1425 -56184
-6174 29736
23323 7871
52258 57769
87 5073
31 -358
10 50221
30829 8235
-30 -79
-9725 4255
1962 12
-2048 1925
-6099 33599
8113 9791
-9472 -89966
-4518 -44
67209 -7795
33379 42286
4614 -8
2578 -32
4419 7835
38407 71
29 -9905
53627 -5299
-41 55884
47 21
1152 11
87 -9910
88151 -20896
-284 -26905
-7056 -86
-59847 6
9414 6768
-9092 -1517
968 1926
26346 -9443
9835 41236
50833 -9
-82 -56
-90 -30334
2553 -91
14905 2301
-6157 22
-3396 -9
-4679 -3518
33 -770
-24 -6886
7004 88
6182 2005
30 -38794
-2886 64992
-86049 92629
-9088 -63330
13216 -76384
-41 -23
-23269 -66508
69078 18
6958 -48
5409 -7897
-85 -78594
32618 8222
24668 2207
79782 79671
72 -76
3143 -7371
10 -53807
6130 -7
-66 49468
4938 40175
19 58
-8119 1993
26 -7741
-3048 -8887
7861 27
-65504 -10823
-31 -42
5382 -90772
100 46
-3546 84164
20 -2222
6862 2212
41917 -7160
7558 33936
-96159 95961
-3653 -96184
75111 -91485
29 49
1 3017
10 -8121
82 11786
55859 5011
11 -81
-88897 -5100
99 29376
-81493 -20
-3131 44519
7632 9877
44416 -52
8937 -6575
74537 -51
97 18
82 91
-9464 7
24 -7122
-3068 -28
-13415 6723
-36906 55159
-91508 9
89326 32527
-69 87184
21764 -82
3 -6882
-5888 37
43060 -68099
6621 -54
-25973 30171
89483 -99
-51 -79
-63 -66369
-44406 -9
-99599 7148
6292 6555
4851 -36757
82 -82450
81 -54686
-85 -72194
23585 55
-3434 -4232
29446 -57
-20171 21
-66247 -8199
34 -26751
-54 52388
-76 83
-97020 5279
-65 -38919
83 -28
-4413 90851
-77213 3608
88 -71889
53914 -67282
-81 42
-79 -76891
-43 61
1215 63
10 54480
-12 -9417
376 90
49 50
89 74383
56653 60
4269 69787
-46 70682
-54900 77467
69220 94
-39797 40
-16281 -45
53 70834
-25 61432
-32735 9195
57 -9891
-100 19
30233 -739
82262 -77857
-98 -41
-28 7965
-1 -50
-88 82337
2398 30
-4764 -5423
-91303 -79
-1692 9364
68223 22260
24140 50229
75137 -10815
37 -51
4626 -42814
66 28
-80832 -59
212 -8581
37 -97
13719 -8507
-1078 45
-8302 -55
795 -24676
-2002 -4334
99292 12
-68445 9069
-44608 -25
-99 -73282
623 45
-16335 -9722
-51172 -9834
4681 -31
98260 -8050
8450 -44
-9 96
26501 -67984
64 38
35951 -9
75 7085
97 -27117
5622 -59
98 48351
-82090 90762
8467 79
-20333 36742
4291 -6661
46 4509
85 -4099
-45594 998
-61494 1574
27 -72028
9320 78
-9419 -9837
-5305 -61610
-2196 60387
17456 33
-9949 56
196 11762
7482 82528
35785 69832
-30 1288
64 63058
-75 -75730
-4362 73714
-49467 6757
-82 -41588
49287 -94
83138 4170
-92769 -2680
-8419 2525
902 38115
-82413 -20470
-27 96
9552 60
47 -5313
-8313 1668
-85800 11
93539 -19488
9426 -47
89 44441
34703 7886
14511 -3061
9704 -63
-28 -70
9280 86
-89823 -75806
7532 4
-40087 -4116
-83 -10
75640 84946
-8376 -18
72742 28
6062 -240
-59798 -45600
-6351 -6079
-82 15
-54 50
-4645 75
24 -7440
-1245 -1860
13073 -7301
-44567 37
-90157 -99
-5352 -98
53263 -21851
38 -11974
-1703 -1
10455 74
-47 76091
2970 -47
53805 95
-43152 -93
-1363 -38361
6907 9071
-775 -9178
23 46221
64271 57
50 2850
44 -63050
-45219 -2383
23 1086
-42112 -67
47915 6230
-67532 60
-52 -17705
60 -72
-5235 87
96526 -39
-20371 -7764
-66 49
7317 -72823
-77 -68517
-26 9667
76796 -28635
-48 -72239
-60852 45622
-3575 99
26865 -1396
29 -198
51069 43
96 8633
18653 79
-9391 -3621
-3141 -29
-25 -96797
13 44
-53 -17411
92 -3990
-2389 91000
18 3216
-15675 61517
-74577 -65
94026 70
-2464 3266
37 -44905
35976 -79
8549 58
62011 -10
-70901 9023
6415 3937
-6882 61402
89650 8543
-7536 -2700
35081 1270
88614 -76
4864 -51
61005 8459
-7661 -18494
11590 -77976
-48643 26098
-77 -78712
-84 5900
-95 13497
51680 37
89081 -9721
-56 -8242
50 6545
1062 80880
1133 95775
-7223 -54521
2966 43271
94186 -385
-6253 -3589
-61 1161
-42 -1096
-14002 -41
9809 66
-4459 26198
50175 -53
2290 -38322
9681 9558
-227 -8358
87 -66925
18197 33710
-48 55
-194 39541
-8063 -5378
150 6830
14125 69044
-83 11
8852 6934
791 100
-35 -24
-98918 45
78169 754
-5403 -660
18 71421
18479 -9914
-75 -68
-64062 -5195
-60532 -5051
24 -23
17 2153
8 -96
-6195 -73349
-5284 50619
-52 91137
65959 5105
-59992 7004
-55002 -92
87291 -44
36 -20
3702 30
4420 100
-100 205
65 9884
-57587 -92494
-13477 91
58477 -2485
3495 -73524
72 -87
-5574 -6348
7307 -89262
9580 26982
-78 -7581
-97343 83099
-49 4939
1324 90
-68 40
-37 -51645
3558 -61214
51 87012
79089 -14946
-63054 9664
5504 98524
-5782 22
-69517 81
22 77
-3609 -6812
49 -8024
-15823 -68
7501 -2822
5979 -34426
-91 96
-27620 -200
8600 -61912
61 82354
-7415 -794
36 4170
-8 8049
22220 -1951
0 25
3908 -73
-761 -83
14777 28
8920 62180
51921 44
1240 4814
-43903 -19300
77 -79
15 21818
-8531 -2769
80885 44
30042 801
-11991 -77
85 24
-68309 -21826
-7419 86463
82 2385
36845 -5
-1381 -100
546 27
4797 -6270
-25243 -6719
-6257 6663
-3 1091
-84 9634
-74225 -8639
-26 22332
99952 88205
-75709 -87354
4324 -73304
-9448 -35
-8726 -32796
36 -415
62463 -6
58 64840
-8951 -2
-2278 -1005
5087 82
-698 -53
-9125 -9
-2 9884
-8020 -39703
67 -410
-2915 -81
92941 -17
-70 -43
-8734 24
23209 -8276
6673 5645
-32412 8103
-3887 -3570
8648 -87099
9432 -29085
1527 -95527
-1550 58376
-62695 4037
-14753 -2
-732 -6559
7338 -37
2974 -654
-1788 3761
15045 9607
3268 -29
-26 62159
309 -9877
-52849 -93520
39456 -8017
5143 -3725
55365 94007
-5823 -47655
21527 -7569
-9645 -2906
-34244 -68
-20837 1337
44 2254
54664 -52
44 -47278
9405 -2600
65711 -9477
76 85342
-54723 -55157
13 5682
282 7974
38 73
78 75550
42478 -3690
-91209 -64
-34 -24
-63198 -2110
-99777 46247
-9298 7155
-13684 -7394
2556 -8625
-8833 99
10976 -2242
4990 56342
55 12
79111 -6691
52550 6536
86194 -28
-8861 -2042
38603 91
-9752 -1643
93849 -22015
-5482 -49
-7 -84
-8448 -8285
49318 5912
39 -24
-76609 -62851
-5241 4752
-45 -9147
-93470 -19
9496 19
-5233 -30184
10999 -44
5972 -39545
6855 9638
-46136 14714
-10068 82364
1820 -82536
-9677 54240
95376 85419
2411 73
6234 16
-4559 75174
3735 24
34 -69055
-7652 -12092
-2686 -610
-15 76
52 -44823
-19 77
-3670 -36
-74 -29
1665 2101
3 -74
-3682 98
-5269 69
-8378 1067
-755 19
-85166 -61526
-21151 45821
1111 6508
3889 -21343
39540 31159
46291 -65753
9607 -11898
-79035 -32
-63 -76
-95 -3008
-30325 -1856
99709 42734
-7327 3
-39857 63143
94187 64
25 95635
64431 -88143
-1235 -83
70823 -3376
-6446 19
82 31740
79415 26553
-21746 4479
-8122 9829
-9956 -21982
75 -69
-88 98
1 8774
62 49305
-69 30082
-3298 45332
72 -30
16 8187
-62073 -4234
81508 -11
-58850 -6819
59 -8
5778 -46
-73125 -71016
2663 25983
-2540 15932
-8637 1832
-5 95
-39508 -63133
-4144 5
-17096 29973
-97482 -3275
-93 -38
-16 50
-13852 5142
-85729 -27
-20277 -99
93 -15
-984 74005
-49386 5520
8590 7632
25173 -80
-21664 -74
25 8407
99701 -3244
-80743 88369
14 94
-3 87
-25 94578
8167 4079
-1250 41943
-36410 -63032
40 4579
-8732 76
-26 -43603
-7723 -96
-53 -19142
31 -84443
16008 -15718
35853 51
36 -58
-44 16
5948 23
84929 -9
-78671 64805
6981 9129
7985 -7967
2790 -64
-5461 31016
9195 -62
100 -84303
-6482 -94962
21544 25
22 21
-33 77747
16687 79845
-35 -52387
-40178 -22356
-93 -63
5100 79973
-18 -28178
-77086 -8936
-89948 1714
1106 -36629
8794 -75828
35 -67436
-65 -81
33 19
6728 45942
-96899 -48503
60 -3617
-11641 -9997
3 -74567
-7586 -2727
-7649 89623
-47689 -6977
-70 47
-59847 -64669
18 76
44 -78142
-76 29687
4867 99968
-3454 60370
94085 -17
-714 -98
-28363 -3020
7670 -67
54092 27
-96981 -4392
-186 -30106
11037 1737
-32 46
23 -9440
-59 -62
20 -88
7924 -99547
-20745 -39
-65 28
83044 6335
-1112 -52639
9986 -90
-17559 -11
29707 -6268
-7593 27
-77939 93
7369 -5350
9417 84
-9821 -65
62967 -34
-56 94
-87 -2
89 -78315
-6234 -7521
-91 -15
-4858 24868
43248 94
-45 68691
446 38503
39 79
-49277 57
15 -72107
96 99
5632 50
5558 -52
-20767 52110
47765 -7034
-44 -13
64786 17369
-4763 -1171
9535 -12464
-77 -26911
67498 62455
94758 1072
-38790 41
3764 -72300
85544 959
-57 -82191
-21903 75
-16 -23
78 3765
-19133 9281
47914 48785
8497 -3480
-95921 -50755
43597 86
-86 -81
-45782 -23
-86 -40216
-79511 3265
-31171 7458
-12 -3
3283 76
-86 -1298
1748 -1147
-4557 -85710
-82 -4145
-94 51
5858 -78
9246 -85
76 -8737
42998 -6940
-75292 -84
63 43322
-78 2266
67565 71
24331 6798
-3517 8508
45432 -25
1988 2980
-25 74
-6088 61
1601 9945
50 -84
99 -25562
-791 24175
-991 -60
-9285 40906
-80 -20
33 -47711
24 -22154
-290 -1015
23714 -70
73919 -88087
-36 6244
-16509 -8894
1604 14
-25 -56
35 18294
43908 -85
-16411 -4667
74 1890
63748 -7071
7129 78845
-94 -65469
39 -48
4987 8199
-72337 85
-30112 4919
60 -22
-91 16238
-7468 14
-25864 -49
17 9757
3228 -4637
-759 38913
-99 62169
-69 32
0 -80
-47499 -84
4908 535
1578 -99168
9280 8930
-46 -5969
-78840 2906
49 73
-17 52991
3469 33525
6406 21
-3531 21
-41135 -20
1947 -67020
26 -27
-7108 8643
87381 -5071
-759 -79277
16943 -48053
-86 -19
23 -4564
3613 1107
8891 -8429
-7584 -67175
413 -86326
-49 -86
2882 -2
-48228 -17629
60288 15
-48 35
-8150 -32399
-54 1135
8027 82872
2213 -17678
-1680 19
-19140 7687
3501 -9118
15 -2
-100 -79420
-69 -6416
-6045 95046
-27772 -73230
98 37
-52520 9394
1483 -58
-14 -185
-90 436
38006 4251
-81522 -78942
-89 2213
-5204 62
-24 -56848
99 -2186
-69 70802
-9478 -79055
-78 -8639
53 -28697
81 62
53 -47
9903 14
-48843 -24081
-67588 -4607
-97 8757
9097 1422
3938 -4430
-31647 2733
69344 32772
-37 -25
98281 8080
-50 13
-9331 -6588
39 -2111
-68 68
29 63
-59 -41
20 83303
8765 -13503
-10 83
64841 83
-3426 443
27427 -23592
-25 -9832
32026 4366
-71 -9944
2200 -94681
-45267 18
-51260 -39
16028 -88519
55 -7925
52160 6163
-5602 -87
6951 4660
-8505 -4871
-91123 -47
-4436 -2408
49 2896
71 -52
14449 31785
-39 -7439
5058 61
17087 -21950
3683 86763
24149 -5544
14502 69
8842 -602
16 32
-9944 87
74 6173
87 -99
95 33
12146 -8771
-46 -2846
511 5
-10 10102
1388 -1746
-9141 -21660
-9 21171
-5650 -98282
-49 77889
-6978 -8
-86811 -98434
-93 28
-84082 14071
99 -42
-79981 18213
-27310 5493
0 49819
75966 -96
-8286 31
56 -13056
42606 -66
4340 -9462
81936 75592
-75862 -6186
27 34
-78 -13
-5683 29
56 -8
-5944 -12113
-59 -6291
61432 97934
-4243 2762
-113 -58584
-60154 7138
45 9634
8630 -96288
-98 -724
-51 -5662
1191 -38662
-50440 87
32 -98
73728 4745
53 79
-4280 -1762
9906 22
-36652 -12509
75814 -1861
1 -16343
77933 -1076
-65880 19
4 -31
8461 -13
68804 -8244
4201 19167
69147 -68
-59130 -4246
47 16
4 -66884
-3029 -8665
-12191 -9486
82643 19
91 1
7933 -82
47575 -2826
84 79
-5406 67750
13746 -62
2223 -6197
-62482 90824
-56 -15155
17398 -44
-25371 -2418
-34 -78465
-7441 -4
-7608 -55
87509 -5613
-96992 -24
62 -8027
-16 -42845
5914 8480
-40346 -3
-3299 -15
-27645 -98586
86526 29
7134 6057
20373 -86243
-81 -69861
66477 -56
1780 -36986
7460 69607
41556 6558
85 -26
95 -70049
-12 33
70094 16
6794 0
9272 -1062
92395 54
-7180 7594
30920 -55359
-1 41
-38 -53
49519 -53535
10 -26296
-11831 -93030
-48 -28967
43 -4418
-419 75340
36464 7563
69450 86
99 82808
-32 7280
43094 24
-48 3454
-9709 -7831
-23443 3481
4782 -55
83 -699
71 -34
8 -2663
1313 7720
22 2277
4970 16
-70 44667
-7430 6703
89522 -2651
95160 1226
32434 -54
-6250 -52948
-97 -25
1039 66758
23 -78818
-100 -91544
-756 30176
42 32
5577 -2022
-73856 42589
2908 79
-6839 41
-16538 -11623
-8485 -80790
19 3453
-7 1961
-86 -81
-82754 -9058
-38 -74
89320 -7237
2285 -8967
7940 89
-1 -83153
55432 86
-7933 3279
-6821 -9
-4132 52
90 -2195
75323 84005
10787 87
-95902 49373
8056 -5801
40 -3506
-18 58773
-47457 -7155
-80 71087
2903 -96597
1170 62075
8566 9
40 9876
35 14
-21 -1305
17 -5732
-7452 -1244
-78068 -73143
17 -22
55036 75179
-734 22
-6782 -5
-798 -83519
-6986 -35804
-2813 86
-5456 -38
410 -51
546 -6498
-47477 17
19720 25451
65 -3550
86592 -8074
-92 4
100 2883
55 -6859
-51 2285
-57 5753
6 7889
84 991
6909 69
6016 -65
-7804 -1323
-96 22
-3628 25086
78 1354
2 -4536
-2409 -40
-76 96436
-50585 -91395
-3015 7926
61872 3260
3225 -3586
4 56815
74 76423
20103 -36138
58 53
-86545 -7888
-50 19411
2079 -52961
-64 7438
-95548 -93692
-11 16
74 41
9583 3136
35 9101
2221 -2953
9275 27
-98 83
44 -34
2778 4881
-17 5
800 8862
-40 -7184
31 56
93 68271
86946 -15
80 -12129
-74702 17
-35389 -2009
2140 2059
14 -96428
43 52
3 33
-98 -25057
12 -18406
38 -81781
-4 -6417
-2368 7680
-42349 -76692
22924 -6356
7632 -3285
8851 8269
7510 -13
-1177 1542
81837 39
4278 45170
14523 71710
15 -8685
5770 -58
158 77
-84941 5777
59495 3352
82592 -41
67 -1563
-71 -2
54 -95
29928 34496
133 69681
-70 -105
4212 -5320
-67425 -50042
-48 42600
97 64711
-7489 -81089
9 -7557
-1234 73435
43469 -80735
-1 -8063
-19329 -72712
71 5705
-59225 -75624
-10763 -2
30 -118
3873 -21724
33102 30
92710 73
71 -9957
46838 84708
44794 -28204
-28 5456
-96056 5
29 64
-7192 5515
8080 -1800
-8677 3503
92222 3146
-4237 33974
14 89897
31837 99
38874 86835
-30461 34
31 -30
-3767 4427
318 -50608
52388 -34
-26 -1996
30567 3804
79 8524
-73577 19
9351 984
-9484 7317
-12121 -720
30559 12600
41384 39412
38 68
2 35539
63 -34879
21 974
70 16
58 46150
55096 82489
2872 -4
38201 9632
-17 -12
2194 -8
-59 55
-3311 2622
-6355 -1945
-5329 -26424
27 -24827
75825 -6333
8299 -5989
-89141 6537
90 610
10 6165
-84740 4848
13 77210
-3534 93
6248 -90243
-76 84
80 -13988
-887 -40302
-6013 4847
-7693 -18
27 -47077
-42 -88057
-55 -76885
-7313 52
-76858 -4
-99063 97
-32483 32
27310 5
94574 79
-59675 22
-47671 17
23712 40
5987 17
42305 -40114
81695 43627
84 -545
93 -37877
0 39093
1179 9327
54604 -455
-99255 11359
21 6442
1017 -4326
-53227 49
5871 1426
1272 3893
13190 -7151
-98317 -5795
29987 -40487
-9392 17517
97 -33057
-5614 69
-10 30734
-68 8
6395 -40
-73727 -65
-8305 81877
2741 -86
9659 -8976
-83 31
7523 -50
-40 3418
8984 -7279
563 85
-9127 -1932
-85180 40290
-76 -5039
-87 72
-25949 9353
-9 -1
66 -36
73289 -5372
39054 -9440
16914 9113
-82405 -2214
6970 49236
21 11311
-4 -39128
75 -68114
-47705 -2932
7743 26
-7918 4916
-27968 -66427
27208 -1026
-33 8542
81937 3621
-9 24
-7243 75056
79 6981
-98540 -11277
870 -2400
52977 75
-36873 19
-8193 -79613
-52 2458
-48104 -25558
7743 50287
-98 9945
-86 74038
-73240 -2309
38927 39
89284 8218
-67773 6341
-42 49127
-54 -59
-99 45308
-7510 -3750
44 95046
-24 -79
8033 -7926
-6996 -55719
94164 7865
-5793 9469
-41224 -28071
-1203 -24
-5111 -33
-57 -66
82 23
-4 -42104
-3591 59
-2 -8715
644 45
-31 8155
-12 7163
26 93005
6 100
65 -3850
88 29
-13896 1128
-88 33
9052 -75223
2076 -4008
55 -4971
8272 6363
-87176 94
5274 79124
-97736 -5466
-9720 -5
-25382 -12047
76 -28
64 2649
-99 -1936
2670 24
9450 -62
-52 10
-36 1675
40 -50767
-71801 -76
86 51257
-67 -84
10041 60388
85638 69
87267 -94417
-88730 -52
-9034 -3703
65 -57283
49 38855
-3118 87
92618 9667
9786 -88
12651 -3259
-22 9354
26 -96979
-61627 15097
396 -9874
-11 -6546
-28629 -5270
82 -17416
-9535 38934
-74961 3825
-41184 49595
15 -2856
4405 -99006
-81 -87
2854 -822
42438 35
-7558 66916
3576 5878
-84838 -11
-39621 -5045
57817 3915
-48557 -91
-30 4635
83860 483
47 10205
-6746 -86027
56716 -10
6893 -92
-1811 -28474
-8504 16
-9733 88224
-5103 -27
-94 -6919
-9800 -9098
-45 -42
95312 -46
69 9329
-42679 62334
1342 32514
1861 15970
-4483 -551
-7369 69205
-49 -8726
14812 -2753
49878 -7708
49859 -1785
-85 -96
-89 42630
-93498 9253
3 79
-54 -7899
50735 -84353
8838 55
1369 -48351
-55 3
-14801 8380
-3026 -52
-6531 -5
49 2270
-32165 -9040
5285 7800
-13817 -52
32425 -7342
-47 43
-61 52
-87 -18
71 58464
-85 90527
-82457 -2450
50 4524
-85112 -73834
-10929 -41
-72941 66
5012 -49
-9590 -26855
-7990 5171
-32613 -68
50 42
68979 -9180
30238 -73
-5846 -7
9930 -6647
-2026 -8192
-97699 -2919
-16 -60
2305 -1742
-49 -70
-1576 -24
-52 8298
2437 9398
4626 48
4623 -1756
-259 -98436
-1669 23
740 24001
5634 -9932
-5617 -78289
-65 -21
-70 -92
-1608 51578
87618 2162
-9232 9204
-68 -4875
50064 9689
-82176 -9441
-25494 -510
-60600 94
-9826 50994
-51904 -38
-28089 -3138
46109 793
9930 7185
95492 -98364
18 532
5459 -47
-2729 -93825
9261 59
-46 8546
57399 -48
1959 0
-89 8268
-9847 -87
53099 -54205
5977 -9651
86 20144
71001 63054
17101 -1165
-44 -3861
-27477 45848
-49510 14
13 30204
5 -61501
50535 55252
-6302 92652
-51 -92675
87802 2701
1498 -100
98303 1812
-70614 -548
80992 7777
-90 -19120
-80 -6694
9691 -7267
8080 -35
-1329 48
-16 -94443
80793 14
86504 44
-2329 -83
76417 -40426
4912 57666
8057 -8542
39241 31
71 -6242
1783 94887
572 35784
-27507 4252
-5379 62746
-40599 -89407
-8177 -17
-76 -5343
1343 83709
31736 13688
-1 -6
-3618 -59236
-49841 65812
-4755 -76
90 8418
6005 26
82354 -230
-1171 -6777
-1297 -53
-49527 858
69 4468
-63050 -2953
7241 9176
-73499 39
33225 -9101
9207 71
79 76612
35 73
-26 63
-55655 -297
-81 -2975
-1177 -79
96693 -39
33016 95
-75738 53
5505 1496
9960 -5736
-90 3906
85666 84988
91701 -43
19 -5360
-99144 8295
5431 12
-18764 -1450
21485 -6783
-48 40
0 97936
7423 4544
-98 -1
-42 6181
-13 4977
-5034 82
-85021 -16842
3240 67587
27 52
79289 -92182
1660 -21165
-64 7062
9002 59553
3644 -97
-8391 -8414
-75 44536
51167 89
4611 8777
51 74
-7242 -5632
-2716 11
-97544 41
-1400 -9290
100 16647
2018 -44
4137 94911
3492 60205
63620 -4868
-30360 -66401
93025 79594
849 92
1552 -4
-6037 -6031
77811 1
-13 -3534
-30393 79078
96447 56473
7350 -1731
-87147 9590
7410 -18991
-82583 -54
7106 -80
-4515 -7868
5389 -55148
-67 -100
-74510 -4136
79 -45469
97 41402
79010 -89
47 24
-35660 40
-51 56592
4439 9758
56 19
-9938 -71097
12 87
-1446 35
12781 -5117
-72018 -57414
-9110 28768
78293 3749
1446 -37
-51 -177
33987 -25
13606 12
10110 -86
-27 -3445
-162 -3261
74954 -54
79940 24639
-7760 -43204
-42 76927
-84410 23004
3 70
-54 -36
-4901 -33024
-1770 2701
-20485 545
-70 72268
-8918 -9009
-58 -74
18 95048
67077 68
-4974 -55
-6356 -7417
93 -67905
-98 4785
17 60863
-475 7949
1672 -9704
-9881 64347
98729 -22
86 -53
-84228 -51
-28 91
89 -22416
23 -86598
-88796 -7332
7714 4464
8210 25
8 92
-22547 98
33 -43030
-546 -1301
-5198 28783
-39456 5014
3500 -36049
88142 51
-78 72126
-83 25
12 -44
-1457 -48002
7511 -8584
3462 38154
97 62969
-587 9725
2502 73236
9241 57
-46 48218
-98951 180
-94497 3270
7423 -68820
-81133 -10928
61 -90285
947 -71043
-83 51
-9817 -38768
7501 47
12513 -53792
-29 -100
-6858 -1080
67709 60
-89 -266
-6962 4655
-89753 74046
76295 27
-64 9527
-4229 65358
9384 98349
-8827 -41
66181 80
-27 -19
0 -75
98 -81038
53174 52470
-86 1480
-98551 10
-4194 -24194
49979 59
6313 -2488
-8726 99
88 -65346
-4 -62
15420 21
84 93
-31338 -53
-7836 -77
9 1799
-10877 -57156
-32 677
95 -81
2055 -22
86152 -2805
-12 13665
-7336 -33
1911 -67
-13 50
-50670 -5505
-87494 97
-36 29
3208 -77948
-58 -36040
64 79
-58 90393
-60 -60182
-8227 -9757
-5534 1331
-19 15
-3464 -96
6427 -7530
5879 -36608
-67 -27795
-20 1
-19611 14
53441 -8205
-8402 31101
1078 -29
74827 12096
20947 6636
695 -94889
92808 -3774
-76660 -41
-23830 49285
77 -19
95 -7853
22 72
0 -6751
-3430 3788
-35697 -4832
30536 -49125
41010 2105
-7064 -44254
49518 73544
-91039 909
7234 -50667
36801 -2619
6862 -86386
21503 1540
-55918 98
-35255 3364
49321 97327
-2436 62
-68464 -555
-25720 -9828
-36 -11130
4725 39
-3122 -59617
-2425 -47
2406 20655
-1559 34810
-23 79
-12 61
-6455 -80243
-72 -72
-3466 -3214
73032 -47591
1 47
18 34
-75235 -56162
54382 8056
-8867 -7507
55845 26
39 -3575
94135 44
9363 -77802
-2 1269
-20 -6626
-12537 -8953
-76546 -22819
-71775 -6854
-22238 -20
89 81957
-26827 -9821
-4 -87752
-4533 19
0 -4216
3961 4975
-6997 57
-71094 84
74490 -81402
23 39940
-3050 9562
21 -56614
-6074 8665
-3888 88730
-43598 -74
4518 2984
-19981 -5717
7824 76959
-53 -95090
-70 60846
1134 15365
92 -29225
42645 89
8 -21
-83 -3296
53243 -2139
6568 -47625
63774 2760
-18 69209
12856 -67
-8911 -5157
30 83
-5493 54233
84602 -9838
3422 5744
2817 2581
7343 -51
-3404 -75891
88076 -78
-4126 1307
-66 17620
53 -96877
31 -6511
-2880 -33504
-56420 -58
24 70
-70 -16
-78107 -44425
1871 137
2356 92
59 77
-7944 -89
4056 72
2163 72
94869 7321
37484 81383
66439 -26141
-2564 4785
4781 -38687
-7113 17
74 -61
-29359 -3673
-72988 -49920
5284 -79847
3739 -5700
89180 27
17417 -668
8129 -56
-1998 30493
6550 69112
-7925 -6
5675 -61140
-4494 42
-94566 59
41097 19074
19529 -4867
-16573 33
60 9721
-33395 -12
-10918 -55415
5749 9941
-89548 -15
7329 35
-12912 -57
-55 31403
-23501 84
88 -64
321 -353
-58321 -75
-35 -87284
-8716 -5742
-4896 -18
1 20
-929 -69
7 6518
-509 -25
52475 -31
74 25871
-12135 96855
7826 68333
-67 2202
25 94613
5718 40
-12326 63744
9909 11
1710 97663
-21064 19
78 -86583
97398 6419
7636 -9312
3 -18830
-6276 -5681
88 0
-59432 84997
43590 -37477
83406 -94063
-7 17
-86 -19703
1569 18999
-8839 48766
-62143 6259
-99 -88
-59 52536
3351 57489
1016 34
42901 5273
-26296 70
92891 -96
-75 -69449
-57 -83
-39 -61158
-21 -535
-9522 -3233
-98 5379
-25587 -81
67785 -8813
-86 79525
1258 75
-92 2142
61067 -39893
-85133 -59423
-4372 48713
-43 71944
-13 61479
-57877 88867
-4555 -2914
39 -6
-2541 -17418
44970 -32
-6221 -43098
-80 -24
-3179 2980
193 9684
-53548 45767
7187 -1429
-3349 7259
78122 -79190
-8421 88
4442 -355
32835 5823
50898 3088
-94 88250
44685 -4842
54868 83017
-3439 44890
-56 -9953
-23398 -1391
-7881 37
577 7549
13 -8470
-27172 52
-34 -99738
-5 -2196
50 -35
1584 -38469
9436 1696
-77 48409
6 -56365
-9629 64
-18 -8718
-1326 -15
99 -1308
-56392 -8049
56518 -76
-24397 24
-24343 -3787
-9 44179
-7321 -20
787 55938
8846 -52
-7048 70239
-98 -29620
-95 55
-2958 50
5594 4802
63 7428
11 -9595
94741 27782
-14 -9116
3558 8974
-33923 -3684
-10061 5811
-45739 -3
-60619 43
27777 -52282
-8564 99
-38382 35
-2413 67212
3521 -97
2448 64
8042 -2061
25 80196
2136 -25
98134 435
-49756 -53
53 -27
-67935 -100
3 1438
-10458 -73
-4 -19121
36382 -791
7875 73
1240 -43646
72022 -3288
0 91216
-40 66036
20538 4673
55 34160
276 12245
77648 -52199
-20 47293
-9431 -48
-86023 -9325
69 2207
78984 -47
-9824 69402
3355 4361
-30 66
79504 3143
9410 -1623
15190 76
-7853 -83
22 70
-2555 16986
4308 -18
69381 4671
25129 -84914
55988 1708
3885 7419
62 -15
5367 -7535
67319 62
-68503 -5407
-973 4116
31916 38
60 -7817
-5057 -9259
4746 22
4785 5635
-32 53957
-70 -26
-3222 -55469
91649 -24334
-31112 97
75994 6145
-48110 12
13872 23851
-18314 -4494
-73191 10
-70 98894
-9822 10325
71 -42926
-422 1408
-7890 3892
67924 -9950
230 -98479
45 -83988
15 7876
75 -8321
99 -88
9167 -6477
-57276 1868
35 -9
7665 9048
-1022 37034
-5 -4639
-89 -64396
877 -83985
-5 -45
-62748 59058
5218 86
69 -98
21 -40978
59766 -62047
41400 12
-83 9059
-9022 -43942
-1 82566
-68915 -32
-58464 27
23628 -80021
79 68322
10752 -7
-14541 4387
-1856 70541
-77 -24499
-3423 -94998
78995 -64168
3608 -46
-27993 46293
-45194 -86627
-3556 -30
46009 86
-58052 93
17 -83836
-21168 -5531
31 -8153
-93 84841
2272 8066
28021 1269
10 652
5297 -11359
81 2933
-94698 -59684
19 68219
-19624 -77450
34 3617
25912 -839
-91407 76
-74301 -24
-40155 -49
39 63528
-98695 80
70196 25962
-1518 -61
-97124 84
5911 -55
-49407 -19
40 -8517
62895 -2976
-9 -90
73586 -1100
72 85
-96 -80539
-44496 90
98324 -1623
336 322
-2840 -50
647 -27280
-80 -15
-151 -5682
-97534 40
6889 -94136
17757 -78227
-2113 -53
-88625 -52
63909 83854
573 -9398
-83231 2715
4063 5695
70228 -3175
-27787 -27
57 -6576
-7128 47
-75 -48972
-75 -9558
8015 -2643
-4889 75133
-831 83
-9800 -44
-41963 65184
26 63
79497 -16447
-32 20
22918 -83
59 -7191
315 23
57 -7201
-54601 65
53575 -50713
34760 1235
-84 -29
-14962 69823
-79581 5665
96462 -4264
-1393 45426
82633 34
45 -67
46 -82865
37 7793
25 8483
-4098 257
8543 -58
-99 2110
-27637 78357
23 -3626
26477 -4
31647 -23
30285 20795
16826 4001
1332 -61
42668 16145
-2746 -89
24 -92326
4255 99
268 -6302
-7238 69
18832 -5270
98241 68
1678 91392
9 61160
-19 -91
-3402 5036
-25 45
77854 1477
-21 80156
65 26
1590 95
-81 -9425
906 18
93046 -52
-79872 78
-23 14806
24 72289
73 -67917
7237 -41
-22930 36381
-39951 -67
-27 -33102
85 -9034
-71140 5822
3723 -1675
57 -74
-328 90
5620 84123
68384 -6074
6635 -77
75 -7746
-19375 51097
88 -6
-84820 -37
58 7300
-49859 -28774
47525 45
-64056 -6885
96093 -4312
2638 52591
78990 -63890
9921 -61864
-5661 12375
83 -2184
9478 -39
-19 -1084
64419 73
-47 15
-25976 -63
-3139 -15
-7438 -32599
7518 21129
65 31940
-90 -94831
93 12066
39385 23869
38 -245
8179 -40
70205 70209
-4804 3742
29343 -3740
-6645 -4472
67768 -27
-78 -9658
92 78681
-9189 -59860
-60 4350
43533 2259
7395 -4082
5994 34394
-7798 14369
-338 2181
57 -9551
5736 -1641
4743 10
37625 96929
-520 68177
-2374 -31
27633 23
9172 3628
-45651 70026
-28291 22
68765 -29317
25 3681
94506 33159
90 50
-60173 2444
-21375 97
32565 76
-76709 41510
-629 -7010
-74 -55070
-30194 -4130
-63799 -53618
-33 2078
-78 888
-5268 -36866
-67851 -5185
83 -240
-61 -4
-9086 6
-4159 31
-8959 48
-96557 77839
203 33258
9599 20652
4 -8611
8041 -94547
17 16
-7 -90
7786 23349
-38 50322
9329 48
72 6689
-6819 -99592
46256 -5898
79360 -75
1120 -97518
4182 6951
21 28
704 5845
38598 -75024
2314 100
79272 -55
-17 51
-5452 -74941
30 -7
-27 -4959
55804 67
-4718 89
-95116 -56
-7183 -7
-3786 74
22941 5742
-67535 -8911
79830 -11032
-52 -23494
31 4884
23977 -74
-25 -2818
6019 -82610
34 69
12127 -30394
85 32316
-82662 39965
-24 7205
27 -38789
83 4105
70324 82903
66476 1906
1774 0
43 -4
49692 -96725
6826 15
-69 -61
-45121 33164
59 54177
16625 64267
17 59894
-67179 -37722
-42 -28056
40890 12
54 -20
-32780 -2944
7394 -42
8317 9656
-79653 -55
-9051 -8867
88 -7553
-79945 -7773
55759 -95910
-9833 50017
75887 -87766
9121 97655
-34 -5764
522 -1584
-4238 83849
-67737 15
-13 4118
-498 82444
-73 -42
-85442 -22053
11474 -80242
3429 99284
66 0
-26245 -61741
554 9517
95 -263
-80 -67
-96 -72281
77026 -1128
98701 44427
-4292 -42613
-46 8032
9701 86
-59 40
-59 -32
33 -60
74 -89040
-53747 42
99 -76
92 1154
5718 -37426
69 -100
96562 88
6245 -63
-8749 66805
3875 66079
-5637 -13765
-75 -84936
81422 -7970
31 -20
90 66270
90349 -5045
-5096 -28485
-94 68978
3081 2911
2319 -67491
8897 -85722
-2487 -74395
94 73133
-93818 -60295
-8351 -19
-77 97201
-39793 9787
51754 -58
-4915 89818
-8918 1274
3199 57299
9485 75466
-37640 -1168
-86951 11
6706 -1679
-1419 0
73 -6958
4760 74
0 -32
-71879 -1426
-72388 41559
-69829 -17
-6138 30565
2418 9824
3363 3739
-77 -93154
48347 86
-3236 -72
98436 -40508
19554 3291
44 -30
0 -4098
-47804 -8704
3683 30290
5132 64
6034 56
64 59801
74242 -23
-93 -16
89 -99423
-72496 -64
69462 62
75775 651
-13081 7063
3480 4967
97732 -5957
9104 1477
78799 39
-37968 -16
-96852 -62904
-5410 7977
63216 7481
-5356 -50
-53 -88
53836 -74528
-1121 4247
3789 80164
4463 -4558
7050 74923
15161 -45
5244 39620
-100 14
31526 17
2690 -6784
99 -40
84881 -45
-6101 -4378
24500 -74
-54235 -2110
-67657 -76269
-96 47
57077 -11
1768 89493
-52 7831
-86748 -8772
-79118 -8767
-65641 -8776
-66641 -12942
-31 -45
-67193 -90
9945 4802
-6849 29297
-84203 16434
60 -1417
-29473 3493
75 92814
-24 -53
-33621 -73440
34 -8712
-1797 -22
3 -5449
-62178 -67159
1838 9994
75008 81076
7157 48030
77773 4266
-35 25805
33066 23984
-1281 7860
61003 -92213
-65763 84796
13 1236
-798 -16730
-50934 -29383
-35381 4521
52423 27
47186 32
1825 9761
-2 782
-47 39991
-466 -45853
-73 55929
-2810 -65927
-7 -8981
27 5978
-52 -73
3492 -1246
36609 -4
55 75
61 -43417
70 87647
-15 -71452
36 -37476
-44853 4094
3 45424
85996 36012
-66605 97448
-38071 -6159
96166 -1663
-7907 29250
9919 82185
-9055 -21
10655 43128
2804 8254
-35 715
-5459 -11953
22 1507
-2 -6884
55737 53
2119 -89
19672 97
-1297 72
15107 99
-97 77217
20 4900
-22997 22
6471 1744
-15 -29617
-42 51587
95953 -20427
5 -21551
-37395 -15
70 -5
-85073 7076
26 2
-23 -46
-6521 -1941
19 -75966
-17256 1699
-50 -9822
481 -73
18 20
40 -27643
-5730 93
-5375 4186
55480 80
22 5482
-7710 -53
93 9595
-73520 4434
11572 -23
3161 28636
2613 -89219
-87725 8
47 2906
-69491 24
-44 4404
99 75326
48486 -5342
45 97
-325 8129
-3507 -8957
7069 79
9 9148
72 80
29364 -48515
1784 71
10 -92
-86 50
5 -2287
-37403 96861
54 9967
-97 69
-16536 3757
-91652 9382
933 -5042
-74850 -6952
14060 -77
70 7803
-49 47464
22 -19
-28 -89395
61494 -3939
80344 89112
-2818 -2230
88224 -47
66463 6
38 52286
-86 -3113
-65727 3111
8994 1243
-1112 -2
-77548 -86534
-67614 5848
77080 -29
-90 0
-1096 64342
-69870 -7570
-9736 -4651
-7873 -76
-71 99
45509 53811
-60836 -90
74938 11
54211 -95
11316 -51002
-54782 11
70 26
-26403 -51
90727 19876
-54413 -54
-3541 -18
80 6804
-7796 7834
5786 -5350
59 -9976
-26 6526
51651 -1234
31216 -8946
19 6093
79300 -9905
6715 -83
-90 -15
1622 -5215
94838 -17394
65747 -96
-26 2698
-87069 -19966
-2 -3875
63 55894
-93755 -38
-50123 9706
-14473 63
34 -2119
19 6613
19666 3634
-93698 83584
-84145 -15
-4568 79167
8125 -436
-40 54
38948 1070
-85253 -5192
3804 -10616
-59594 8
-82899 20374
9116 11
57142 4746
-5 -5464
2049 -38
-92879 -47
-74498 -5117
-7463 5321
23455 -28478
75 -63
-152 88053
48441 48429
36 61558
0 66490
-30194 37379
-87894 72277
74 -34
96 -64671
33 10
2479 -86936
15112 -8147
1482 7
-69191 -54962
53381 67490
66 55065
65474 -79
78 -69901
6009 24755
-63617 16193
67588 7488
33933 -83876
-89 -55534
73285 93959
87197 13531
90 -1915
-30134 23
-42003 -86820
-78 97597
85793 6838
-9074 -659
-26014 -6027
54368 -1012
-36 -51707
-47149 -47
-9041 58405
22730 -45896
-4722 -58833
-91 -66510
16043 -87503
58 -49
21203 -3859
-24911 73238
-11011 -786
8906 534
-65897 2803
-72 -2047
-44 2020
-40 -28505
20 -76104
-16493 -9287
-3156 11188
-16 -86
-75638 -1476
42219 25047
2972 9892
981 79
99 -962
-14389 -62161
3479 -52298
-9143 -19
4765 -35
-22 -5029
-63 961
58 -32
-45 95
-4495 -406
-9695 68
-36836 -57
13 83401
-8089 -99700
-1154 -4680
7208 2263
0 18478
5727 16754
62 -776
-1489 -61192
13973 42686
18 -36
38302 -7720
-6657 -20
72 12
65991 8166
22 97
-67 84635
89 -59
2973 4716
-56860 -9567
7049 -5348
-80346 -59
-73599 -66678
-31 -37
87 -92
-77785 -79
7 -7517
-18 -73
9007 -1043
-23 -1682
90095 81348
-2650 -8133
-4967 -93
74 -41
-27 17592
-66 27
46642 38
4492 66327
14939 -10
5892 87622
-33678 50
45 -17962
-169 -97
5163 -49
-47 27
-2722 42
-76594 -72
53 -20
80 4593
3358 -70
24 11330
-9622 -7551
-1930 -74760
31155 27
-7438 -43
12 -3146
-631 -65
-2729 -4231
-32 73
64 373
6 -1501
1351 -97535
6588 -1385
-74831 -98180
-8350 7543
95092 -7667
-77 -65
-8 3314
-28 -70910
-14968 -66
-6308 974
33098 -8358
6170 89
-74 -1015
-4864 -72
-42616 -2191
6100 39
15 -28
-5864 5083
-21778 -95269
5866 -7548
5873 -81189
6885 -45231
-61310 17103
59 34
-25 9210
-5381 -26860
8078 -7766
40 -30
-40052 -10
11463 39778
5340 54
33 -5069
7 -5886
-62655 77
-10 -95269
-15138 -3747
-58452 26831
-805 -26666
59 -7392
-57 -71992
-9142 -82990
6196 41
-39750 3620
-6145 14307
93 62
0 -54
84 2830
3664 -14935
37 -1707
36 4363
83418 -73619
15016 -1735
6879 -40717
8539 18
555 -78
-53349 -30020
6734 -29901
-75591 3358
3 98692
-19 -35023
7306 -3452
-373 -6431
874 -23
-4629 -66
34281 -19
-8691 -77
-82697 75
-13 63
-87 -14836
-47391 77
85357 4537
-38 52909
-9226 -51
-82611 6729
-5580 58837
63889 70
-1734 98619
82 69
-44361 112
67 -2971
8557 -804
86 40
97 -8879
1278 -20
-13443 -27
31556 -6558
-1883 -61874
-89481 -84
18385 7025
23490 -24
33983 -37
25 -55
43 5746
68916 38678
36804 -6128
23324 -1727
-65 61897
-3857 -5918
-2637 8151
5419 -20
-90 91
380 -38
-22283 91
20873 -13684
16094 55135
-12 43
-7685 -5336
54068 -86
1812 47132
57258 25
50 -56707
99 -6
7143 -29998
82989 70
-61 4980
-40773 51
-2948 -17
-93 98839
-6365 -2974
30 96
21 -51
-62 94014
5807 -53
-6269 -23
-1872 50839
43957 92
73002 41065
-68 -7118
-52480 49
-5580 -429
1045 9
-63456 -37028
97917 5652
-60984 36
98688 -9134
18451 -35310
-42825 0
-1066 40002
9713 2938
42872 -2286
-39248 8684
-57599 -11
1165 -3114
12 84
9023 -46
51 -91
-93 -4218
2662 73816
33 -36594
64134 -16346
-69511 -4682
8215 -28145
7889 -64
-70 31682
5447 -7985
79351 4031
86 1022
23 -7378
-16955 -24060
67834 97956
-8596 78
-89 -70
-2 -52
53 50
-5680 -5499
64899 77
58427 4644
50 -60
39170 -4564
-1628 -94
-94 97
-87033 8
46 29
84954 3564
75041 -41431
6786 -10
-17831 768
76 -5
94453 89
5919 54
-64757 65
-12492 30
3763 -17291
21440 -92
7497 46
-22123 -85277
-27 -19245
-66 -635
71 -92
94 -73422
-6847 -3916
-3907 -16375
13560 11608
-7267 38
-23945 -2419
495 -51
-3957 5515
6806 -3594
48 5631
6798 -6
-37104 5
-71334 -60
34953 28054
-19278 -1864
4930 -4447
17818 80258
-1447 5263
-55991 3
91951 -3882
1854 9596
-4221 57073
-4313 -3685
-17 33697
19745 -90
-5433 -78492
69224 -56
27823 -92
-5284 -3928
5418 -22550
-376 2230
6109 -82539
-68 -84832
-44 -50
97356 36
87626 -3827
-7774 -9299
37614 -82
8290 -11
25 8618
39431 5399
23 1718
44 -11678
3341 -71
-11721 57618
28477 -3509
-4 -96
-82 4
-2606 88785
-42121 -94541
-54 -15686
74 -45802
-40635 23584
-2492 -5207
-42 -9944
949 73
-65 36392
-24 95494
-67360 -99
32 -37988
-4257 34855
36183 54
61 51
97 -8164
-6046 8477
4503 -7
8176 8170
-264 55998
-1664 45
81 98
90098 -3710
-10 -75
-90971 -67
5026 -39677
-2904 -64
6468 35810
-49833 52833
-29539 -53877
5553 -14928
12616 -18212
-31483 48
-25 9
-32 1654
-14 -3711
5848 6064
-48972 -42
56418 -69
5102 31093
-7733 -30
47800 -80
-33378 9837
-14 -62214
-95 -49102
84 3317
-51752 -6365
45375 0
-72 -78991
-38220 22812
5 13
22356 -9185
88 8237
80 51
-50 8
-78 3112
15020 385
-12 7507
6 469
-30167 11764
45566 51040
-79 -60
-10 85082
45 4296
1764 4179
-15 71
8868 5424
-152 -2977
-7693 0
9713 -46
-6757 -2
-4272 -18084
-6275 21
1483 95
27108 -53
-5786 8394
55 6125
9746 -64767
83590 -1804
-34 -55
-5102 47
-7540 4010
93805 5
64081 98341
-71576 52257
74 6372
-37 -99
-38207 76839
88 -5142
-5723 -80463
-22 -41480
2238 5234
-99043 -2786
-68 8738
-27 -43
-2760 75749
12 -21385
6773 -3956
-736 31695
29 -12691
74209 -34649
-48688 -9316
-53324 54
-77 8329
61385 10488
13 -41312
5201 -2193
-84 1780
18 -48
-31 56
46150 -24
60 -62915
55922 -54
31 6834
-6 19
76 -4491
-7492 8572
369 -205
-70073 -44
-12352 65850
-3900 41
66558 -8387
-16440 70744
-9815 -9769
1746 -24770
55210 -37892
24429 3961
-11952 -18
-63319 -67
-76 -76
43448 -9973
-43 -73
3777 -7950
-88 -36
86 34
1448 13933
-70633 -66459
-95 1755
6185 -90
-84713 40865
59 -24898
5009 -96
-7607 89
-78136 -80
-51365 1771
-6761 32647
0 -2128
31 12814
70865 -2750
73 28391
30173 -30441
-20019 3523
95 -63
-14390 -13
-8955 -4047
16 83
28709 2027
80431 -26
-25 -15881
-58246 -168
-71402 4604
-4211 -23946
-3256 -56691
0 -85608
-21 90249
-23 -8651
-74187 8003
73631 -256
-28282 50784
3698 45575
85081 -75
-85042 28990
-8508 -818
-8188 -77859
-70293 2244
-9158 -27314
84 238
2107 9421
4139 16
27277 -7776
-36213 -1640
-88013 -1
49336 -1614
-75 -71800
58905 82689
-31 -59
-79 30757
71359 -22
46 -6919
13212 93
-94672 -58228
-6526 91773
-35 53
-53 -38
-15263 2573
92145 -98570
-98 38363
1734 -13702
-37 33
1086 -98
85375 7851
88517 -32009
-41824 -15
16192 -37792
4 -54227
-36 -35145
-5756 -53812
-92700 4962
-59127 -3431
37591 -77
58 9076
-57 -86931
-80987 -4132
37819 -21266
-90596 20125
-5913 -48
-15 53
84 83
-75 55276
-7274 -19
30299 -41
-19717 52
1050 2927
6883 40
36 1643
-81 -98
-3142 -31
-9438 -2524
-84929 -25
100 -43
-77624 43
-9261 -94
33 -90928
-79950 -95517
97 -4747
7 8661
-60367 -7077
-9250 -64571
600 2812
-68 -2710
4 5424
-4453 -8247
31128 -773
-84 -9453
1402 84874
-42 24246
5798 -6857
99 0
5383 -2113
-76938 -5353
8451 -14
77211 -24269
-47362 -52213
7520 30053
51191 -57
66 -17
-7387 28
-50 -62
20852 -4090
-16 -9530
51762 90
-8853 -10
9286 -24
15 -26100
45437 76646
-50806 -7967
-25 -56
50 -6873
-10512 -19
3403 16816
44727 -85
4443 -91468
3229 -19473
94388 86048
29 -9722
-9772 -1902
-29514 23
3154 43
-59608 -3969
38531 -6338
-15539 30030
-481 -3074
4400 85398
71 10
63 -497
19 7261
49 2328
31770 -19
7308 97243
36 6229
-84606 4335
0 -9777
9730 -57
44373 53173
2594 -43
17 -82
-2355 12
-14 -23
21 -3341
-93163 75663
-2268 7042
-76652 2837
7890 -54590
-64 8961
28 80
-4428 1183
-47 -53026
6058 -16
-7 -57956
-68554 -49048
17 -57594
7129 -34
58038 6942
-2297 -67
9356 2860
8640 66
8 -97490
63 5327
6233 687
-4782 8381
-91155 -9
-8544 -49255
-59525 -27
45625 11233
7356 15150
-3813 92
-74860 53933
-46865 -6542
-8594 -60481
-36 45
35385 70454
4069 210
-29 28
-8071 69283
-20 2879
-53363 -79501
-96825 23531
85112 -98343
12570 68
-5085 8637
-53 11663
-40 2188
-72 8869
-5891 51
-56995 4
-3 69565
4679 9431
98792 -19
-22085 74264
40565 -4007
1477 4782
-29582 6606
-2463 -58414
-41 -2560
5 7805
-73 80
8719 80157
5749 -53
6322 -74021
64 74478
6967 -42264
7624 -20
-1749 -66482
-30795 3711
-1533 -5781
-38303 -47
-2076 -55540
-35 42
46 -7
80604 3665
69820 80932
-22 1329
-66856 -78393
38259 1233
-9 30575
93643 -3650
-56124 19256
-5885 67
-8470 42
-23 22
45 -8411
-67013 -51357
92 29335
88756 60365
-92691 -49242
16660 25
-59 95987
-22 -3041
-1652 66
0 -9141
45 19918
9677 87
3884 -7166
-78847 33
17690 -94
42390 502
-90 -18484
3048 27277
-99533 6427
-11897 -64368
-26118 -53
97927 -8309
-124 -6868
6213 16
-43 91419
-6148 -96
-66662 77539
-76119 17642
-4866 -5042
82490 5452
4360 -21855
-79345 -6224
-6594 28
-9655 -9750
-5151 37
-54 38053
-6067 -21
4473 -58163
58954 -30
6021 -1620
95659 67821
6 -6815
-38 86728
-52135 -96
67529 908
14507 76561
32 -37
-74 -9108
-84192 -8888
-86 3233
44824 23860
91 -5482
-36318 21
3074 -67661
-8076 2127
-5919 -9
34 -42
4462 -3070
-27784 85
33304 -2066
-52149 14899
50441 37
17846 59843
58984 -9255
-26542 -3
-5490 46
-2846 5364
9668 -16450
6404 88
2 4992
-6907 -6
89 729
-22 3601
-92 -9920
8257 -7429
95279 -10925
-33 33854
-4857 585
-14 62270
-37 71
40026 -14
6113 21220
0 98801
-3058 -65856
-83 -7313
-3852 -7027
39 -6797
36016 40
-84975 -6887
-15 -22
8 8828
-8399 43
80083 -950
65364 5504
14421 -284
-3653 -6855
37188 -3713
-81 -3905
51 37368
-35 83
9 9399
76056 39014
-75 29893
-75295 29
66 -65413
75086 1451
-20890 88
-3708 -9521
90 59308
56 34256
37357 71
94 -3102
-7327 11147
-47 -10513
9779 -19784
13413 -74300
5062 -712
44134 73
17 3675
96 25633
-7341 -43
6654 34729
-69718 -8519
32037 -9028
2990 -27
0 75
55079 69118
-793 -73
14276 -42
18 -71
-9139 62
-9483 -38963
6415 -13468
8503 39625
59 -1856
5904 -4352
-9208 1386
1144 13326
-77090 6
-5629 49
-47965 -100
-7535 47
92732 5809
9603 -9893
-8153 15
95 73501
54 55568
-34 -32441
-8025 63
-25 -89
-31 81
68 -67
21 22
93 -64529
-9798 -65
-46 -91
98161 2483
-55 -15
3519 77
6955 85
-737 25
60916 -33497
50 -96
72 -3360
3262 27
-11061 78126
-28794 27
70 -3
-67096 -34394
-65 29
-6141 -20900
-28443 -49
234 7
82689 362
70 51
25 -5788
-7764 13757
61934 7856
186 -31929
-49091 -41444
-55057 82537
78 2766
-39 45
7051 18536
52 -65
-62 -22
-2607 -45078
9128 -34
-7752 945
85357 -98722
98666 -9450
-81 51
5816 -5391
-9136 6068
77 4283
-89 -23157
55225 -33987
-2431 29
44 -1886
-8843 -4452
91 -8571
-96 7301
13 540
61 -73
10378 -2510
58652 -49
-61782 9095
77705 -36518
47 -65580
-86354 -79360
-1600 71
64291 13365
715 61
-16352 -7623
669 1655
34 -8548
-6290 9
62636 -82
-36 -42359
41 -76726
-88 6025
9892 -16298
23067 -17
4049 2077
9299 -67755
-842 9078
525 -59
5562 94405
7052 40
-44446 99679
-2425 69
19 -38097
7717 -1449
3193 64637
99 -60
-47 6970
47 31
5820 -88
71191 77
42 -8320
64813 -8388
-68 783
-61 9839
54 -9
25301 -90967
-54 -39
44 1600
23 -2348
5567 -8886
7380 -20563
8030 -5554
16450 -5029
150 88077
56 -97941
53 24
-18 -3
-59 -92
-6138 -8180
61228 4904
-99 19356
1 83
1080 -7758
43891 -51
-55 30479
87271 54619
-83539 -57990
-19 87253
-67950 -8633
7481 -92
4564 9390
-1454 2717
7220 62397
-6743 -22
-71451 3066
-54329 8890
-13582 -8703
92726 1446
-43314 -26970
-16 93066
1470 57
-20547 -5376
-65 -99
77051 55
4071 4818
82 81858
-89 -88228
-99440 -7372
-69 -83
98 6203
5801 91946
-20163 38055
47433 -1082
-4944 17056
7111 -58
-93402 -32
-2 -7669
42162 9375
24 87835
23 -8879
-6000 -84699
49065 -4504
-4088 34188
57408 -4321
-66 19585
6947 -5273
2 35
8616 -4
6774 -30033
3036 59958
33828 32559
51 -7220
-29 8010
75 -36
-18 11544
-23 -2389
46512 2370
5925 7213
62723 -6128
-48028 -90553
-18205 16675
45 -741
96 -75307
-13721 -14
90 3618
11798 -10
-52495 2353
-6703 92
-77917 -75719
39361 -87
-89 -70
-756 7
4065 -87
-11 -6
-64 21854
29 60500
55 41275
-97166 5865
2111 -1
2193 -1
-44 -78
586 19177
-93395 99
79 3426
8818 22
-91 -98364
30 -74786
-60200 -38
-9864 38
-99 18
-2641 -55
69 3342
93 28751
1926 23745
30 -4123
74455 -11347
-20611 -6436
6213 48
1804 -64
-1649 -63
95207 -4082
-13 76028
-61095 -15932
186 4609
-7965 91749
72704 -11364
-18 -56166
-20 501
80 30697
-70 -8075
2608 40
86286 3561
37 -29588
-98 46249
-1086 3650
-7186 4738
-4215 10
-56 -57577
-22 6243
30 84036
-9874 82
-82934 -56
29 -9323
9423 64313
-34958 42687
-7909 73
-98269 -9
61153 55445
70998 -2874
-5115 -23425
-68184 97
78514 -57
58360 -6109
-5555 34414
4 34755
-9106 -4203
-32774 -525
-8828 98
68 3774
-85436 -6151
63231 622
7228 66
-47 -5801
1730 1456
-682 -18
-9552 -61727
76 7133
-12 65
45719 5746
36 69561
-31 49198
-5911 -44
-41 -94034
-1934 -64
48 -95
-54 8793
6719 -41
-63773 -1549
83312 7950
-3511 -43299
-485 -6314
471 -29
0 34
-8444 -91208
-21305 -51
-40 86
-1161 -5551
-66023 41924
75655 76812
9 1
-31827 4207
67656 -47407
-15979 -2068
-36173 -7161
93 0
-59319 -1168
48 93
65916 -79
17 89471
75 4042
-5756 68
5107 -42341
-60 64
4987 87
8 -40727
68 -91894
-7382 52687
4782 -17
9266 -64
5313 -59
-67603 -72
20 -55
3610 -69
66 -15
100 333
15 62
-58 5183
61491 -95013
-66 -54979
2283 8
2174 -25615
-37405 -4619
45098 167
4 4544
-4467 8274
1107 576
8648 41
-8759 -94460
-78 -86598
-60 -3047
24 7540
-6301 -99819
-43180 -68
-98 -34113
-69004 1133
-40 -3081
8798 -46
3276 3695
15719 42
17 36769
-59371 -6131
51433 99112
-6841 -34276
-5 35033
60 -4022
4 3
378 -6253
52 88436
44 2007
2521 35801
12965 -35908
-13947 90
88 58505
6731 -59362
-5935 -9187
-46 8640
23 -70
-70 36050
1442 -26326
89641 41365
85485 20
-5912 21962
-10 78890
8223 42
-20 -51020
72 59192
-7693 -55
-24 2492
65 91670
-69 -31911
35971 78942
9125 -43477
2309 1545
4510 56543
-94 -29
68747 1669
-41 9
-91 70103
-43 -18
79265 -24106
-98330 -6979
45 -53724
-65135 -3301
59 32
31790 -41185
-57048 85
-6165 715
-5904 22
37 -12
39 -48
29768 91277
5206 85728
-6966 -4025
-8628 34641
-48894 31
34 -86
-51545 -95775
8 -83
65140 8467
-16 -11
73 -58410
68620 -65
9700 93482
1305 60
-4240 64
-40 41248
74106 36918
-1713 -4281
30 94
20575 -48
66 4622
59022 -50
-1387 12
13 -1452
13 -62207
77 -30743
25 16764
-3418 78
6626 -8832
67657 -72111
-40407 -41
-32113 47654
-17 9523
94612 -48532
60122 4255
-83527 -3
1685 -9369
86831 -89419
4460 89759
83443 -57259
18 2716
-65942 14507
39929 -2020
11024 40
-13 6199
-66082 7768
-3808 1447
-5831 -90267
-62528 904
14 23813
44 -89
-73765 90985
38078 47
28 -81509
-26593 1650
3609 -81
-94046 -76
35 -14103
40 5706
31 6880
-21 -60334
-85 -68
-77 69
-77111 79458
54246 -30209
41 -69791
0 8535
-99480 -69282
-84 -4
-127 -68003
-16 -6038
5901 -25584
20394 34160
-1702 -4590
91 4069
-49581 -53
66493 8242
43244 -99880
31 -2404
-51858 -7105
925 7462
-45 65784
94090 -5052
4507 22762
-8836 -462
-100 4554
344 -78946
96400 5364
65895 -42
4040 -39431
-8285 -5953
89127 39784
-12 4065
37622 3107
76 -4100
-1847 1162
5970 -48005
94238 -5662
5892 -8839
-9788 7120
-51 4092
-48 32637
-68929 -43630
-5248 17409
141 4030
89012 -1293
48 8701
-728 -98
69 -97
-91666 -60255
50219 -40981
-1190 -92
26220 -30736
21 -61
-71723 -93720
4094 -8226
-83 -16
-1513 61
17 82890
-63538 -47667
5357 84
-81 18164
-71341 -44
4097 -45934
79358 86
-88986 -62096
67 -9892
44538 27
405 -2
1301 27
-39 66075
6608 -93
46 -6577
100 41
19706 78529
-99 61635
8706 49
9381 -7349
-65502 -35814
31 -426
21038 -60
9084 -35
-20483 13614
72663 -20945
-16998 -93571
7393 61866
80369 55
-4135 -11218
-53826 -2891
-2636 96
-23789 -36
-73281 78315
-43507 -38
90 76
73 -20
-6605 5251
4327 -79
30 67
-27 6267
-13 -77930
-1621 -64055
997 11799
-83477 -15
90 -72
-48033 48
72 7
99 -47649
9184 -65721
98 18722
27762 -99886
-5331 82207
-21156 -19479
-45 739
-3941 80
-6905 40
-15 -24
-84 -20
-8393 -11
-4511 -4100
5966 -1311
-93 -4539
-8377 17247
-8599 -7351
59741 -1863
32556 -96
-5811 3711
-22 79
62415 -5439
12 5614
7199 69050
-16991 -3563
-8119 26507
-82691 37
7549 -51353
7883 6931
-4386 -23
-74220 6127
107 -2
1460 -39480
19 6576
-1865 87
100 -76038
486 -5269
-54501 -8566
-23 -8371
-1 -38
2685 -26787
-1200 2264
-94406 -85246
-4575 -27834
35305 75
32 8233
-98003 48
99595 98663
1 35682
59906 28894
-83722 8228
-46218 -11816
13 15
90215 2976
404 86
75 -40086
-97402 0
-95 415
-80 -5362
-39622 1800
41 435
1533 -9478
-7142 -1993
58204 67
31 99758
4433 50542
57782 -71359
27034 8130
-89108 8769
-7345 -97
76765 -6373
38786 -33
-93334 -4457
3752 -815
4340 -32
-806 -9
-75 -95
-44 1847
-8141 4714
41841 6293
30593 -76439
-9437 8
-38064 -3224
-4126 -19
-8730 41673
41 44301
9855 -96784
81050 -6097
51 33
-39 34
48454 -76962
-22 16
-10 6653
-696 61
6494 5465
6413 -2928
43 -29
-17756 44
50064 -12
-9561 -47103
-22080 94
1872 14787
3188 -7938
62 70671
-59499 -69
52977 -7151
-30 80146
-48 -2932
2795 -3595
-49 74115
1001 -73267
356 -2056
10 37645
-83 -71
93 -6021
61744 6689
-67811 -60521
896 -37920
19183 82
71418 -43
-5275 58
-32 77
318 -37411
-95091 -7
43 -74
6 -4123
-59 35418
-31 -38365
99389 31
-3280 -19571
-89 19230
-42 -4419
-331 -19022
4 46
13 -3730
-4005 -39534
-8951 -10
-24 6781
4705 -658
22 -11
4076 -13703
6 -94
94473 -29
86 -6035
-18 4621
-119 40
1342 -46
-4743 9857
4 -19
91 -31
12 -14403
21 -92728
-2672 -74
-485 -61894
-56 -54
-12913 -85084
26314 -4778
-65 71307
-84974 2523
-6582 78
-97704 -14578
92483 82
81 -1946
68 -5653
47 -29
2180 -60325
-64 -52365
-93770 -11
-2754 -60
-5205 2910
-99 -90366
91 1022
57 -62068
-31741 -22
80616 -47969
-936 -37122
98243 -2908
59344 -85
-8148 -7781
-26667 59
-8255 -3060
27 -20
8532 -19765
-5375 22832
-3081 -69
11 3172
-6605 7315
52 36
533 -2293
-2388 54
-4109 -22236
-27 90045
14226 68
984 66
33 -1783
4625 -44968
-70 -28466
-25286 -54170
-74480 4695
2 1
1446 -80650
-7925 -2086
-91945 -70
7199 -23046
9068 -52593
60189 29036
-8802 90
16568 -21695
-78 60
-53701 87760
2555 77995
-9022 8673
32231 8433
-21736 95
84134 17721
9127 4954
-92918 99347
-94 780
-13512 49127
99 -64325
78363 -35
75 71602
60396 2346
5531 10
18081 -777
9474 2171
36 37725
-3073 -43606
-3973 99092
-94 12
-66123 -24884
8502 -9313
55 -15
64411 0
0 47899
-52 -90
-15467 13
31637 -719
20 -8
-4616 2535
-45990 7821
-2022 -67784
-49 47
76619 -50853
97538 6458
-9239 -22
7 -16817
-56944 62
16 -27
90067 18621
-12 6837
74 7184
16806 -32
91419 -5294
-29 -4619
25900 6053
-7789 -27882
-9021 14192
-3562 37
68232 -15927
3095 80903
-47578 51133
-43 90
18953 9579
98 -58590
-1175 2773
88973 -50067
-9052 94
6 -61300
-4804 7276
-635 4985
31 -14353
17 -52777
1130 -4722
50253 -6169
27760 -2891
39647 -6203
53648 -7306
31240 32
-7942 -11
75113 -82
96 10096
-51 -67567
-8383 48
89946 -23046
-79 51228
7 65466
-39 33
-59 -95
47 41175
92234 48
6318 -42833
-78794 30
-23656 25
-38 -24011
-71 -52811
9274 74
-54277 -83
-94523 44971
74 89
-29457 -47628
-56 32
-86 -80
40866 89089
21903 -44301
33 -8027
98628 -79828
-6150 4228
-4307 31447
-97932 1992
344 1803
70 -36483
91 62737
22 -97
-83363 -80435
-8059 99
50137 6371
-1822 -64213
-86520 73186
-1968 -9339
-41407 15
-23143 94
-78 -88584
-9644 -2101
-4845 64144
25063 70040
2425 23190
80 -94
-56536 7
-4128 75289
-15 -57
-65 -60538
2217 -763
5215 -91
-675 -7238
-21 -19850
-28335 1750
35926 16799
-61 48493
-62 -8002
-73834 -1714
6219 -5677
-3145 -34695
2033 -2246
5623 20681
-48 -8927
-40245 -65
100 -12
-2640 4438
-6728 -3968
454 -82
-10 -25014
43 -66778
70 -5491
-9 7493
49250 80339
-5150 14
-86 -65
49 -5728
52 0
-9577 -12
-60 -6028
-515 94
-20593 -100
72 30
-68086 -29528
69 -45
45793 85
1168 3479
-8713 -2378
-2586 64
431 33
94 7
28876 -84
-41 -59
-6139 90322
-12737 6
-92 70
-20702 61509
-3 27618
-7 -14
54 73
574 -7845
-50 -98763
34 12016
-88 97
20 -33870
-6073 92407
19 -26
-42366 -2197
35939 -4
21399 -16
34799 22425
-50 6894
-8350 5922
-74666 73736
8 20
93 -49
-77784 73
-8543 -1596
-82 -57
-9094 -88
-2422 -69
6417 -63237
-57171 -24
45435 -24
-890 44
-87559 86281
-22753 -56907
91092 29
28773 2088
-5360 -42463
-5489 -5870
13097 -5464
18651 -81698
-73 -25288
72511 -87258
681 50379
80 21908
-9163 69119
-3782 -7858
9502 55
-72310 18484
9847 -98
13823 86396
9077 57
29967 -350
57746 40089
5309 45
5214 58
-20255 31789
8 -54855
-68 5202
80 -45947
6267 -82
-62 -47
-7472 47430
60 -96
-26 -24
7394 86020
-94 -7351
-67 57
-892 -2469
-8875 -43177
3822 66823
-47 -2110
41114 -76
100 5391
-55 -2665
9 -91978
-20560 -5789
89104 -92673
52 -95787
-28 -5553
-9884 6790
28 -98577
50 12852
9029 7252
0 67
55560 -45
5287 -7674
-97 54073
-17 -70175
8576 61330
7235 -12
3663 7228
-8973 -84535
7815 -83
78 16
41 -65
-40 83561
3817 -51
-7804 -7291
-3889 -41948
-2297 -3735
0 -52314
-5341 6796
4644 -10495
386 -29
12 8443
-482 -87
5813 -90
-31418 -87766
-55320 89
-74660 -11243
15870 -4461
-30 95
-86 19
73 66
8651 -12620
8 79181
-20 -59
-5600 -5198
1495 2
-3844 433
14752 -708
2062 -306
37202 -6320
-8726 8589
-4072 -53
-37094 68
-43 -2543
1986 -6803
6980 -132
-93 56
4704 58
4 -4976
-50503 -8012
-8533 58618
73605 -18353
65136 46
-14647 -3615
22 17914
-83188 1928
-8174 -27411
3383 -47
-78397 -84
-74422 6307
924 19
18204 -25360
4144 -5885
92 -58
-28494 3191
-98139 -19850
-99 5415
93 -79
82 6039
69788 30824
-76 -61
40 5738
-31 0
-1876 -86290
-45291 62710
79 3653
16 -1823
57 40337
96 -58
49951 957
-3351 -8146
-5778 -35
-4688 6360
2844 74
82 1332
-67 -3986
45355 -5757
4143 -32
-27 -13
-28721 -2078
-36827 -5
71418 -83476
-6279 0
-14103 48
4809 -7048
53944 50
-1355 39020
-57 26699
-2997 22975
-52340 -18257
38 54
75311 -8
5308 78
81 74097
88145 -68903
-90 -9319
-9161 -9208
34 17180
-7963 -5009
-5768 -4674
39799 8542
-15 9384
-8558 743
9 -54945
-34 -5900
-7527 -15352
-41851 6
-91 -19
1707 -54314
-20086 -59
-29 -5232
-25196 96569
2654 53247
95778 57209
3349 14
2200 6733
59 -93347
-15 44711
-38 79778
80644 -6195
23916 18
-4599 60
4041 4606
29012 37673
3564 73825
-66429 -8573
5 47330
-92365 -2548
-10062 45623
60 -9400
5456 -146
-30 74207
-44570 -9980
-60609 3998
-45 -64
1840 9377
19 -47
-31 -18
-2497 -24905
38771 -77
-54 20954
-3617 -52
61502 40
-49051 4224
-64 -6
48 -18032
43323 16587
-49 39419
3614 -1523
25 9924
21 5405
-48493 -36
3569 -5361
42933 41
-47799 -482
2534 -6404
-76 -41
46348 48
-54578 29
79 -39676
81347 -12561
49503 79294
-45584 40
79002 42625
24 31
16557 -15753
-60000 -68958
8320 -372
-66 6193
-39 -6932
1414 7006
41 29763
-34425 -6
50 57
1575 -3462
-6137 -7169
-26675 -61473
7902 -33575
-8453 88384
-5758 -1626
-89035 -67
12120 43
-5754 78372
1430 75067
60 -1
-84495 33151
2990 -75
50704 -47997
-2354 -1383
-7684 -16577
-91202 99350
-16478 91888
39 38
57 81
-34759 70082
10882 -99270
-49069 -60
56619 69951
82687 16168
-85702 64
-38548 81154
-93269 -69
65 5103
68942 95009
-9420 5833
4317 7058
-62947 54547
71045 -99
9120 -59
-27471 -35152
-30 -3641
823 -3889
-10 -67675
-3810 31
-52 -61279
88 -1965
-45 -83929
-9240 8659
-21440 -21095
98 -73184
-71 -1180
5282 30209
56 24
74685 -35
-46031 1388
5523 -89147
77 13
96 -95
65988 -35
-61 66890
8287 -7204
6213 7633
-93947 -5601
-57 13231
-8938 7821
-4735 6366
17 -62275
-2567 69
7598 -67049
-8715 -3959
90546 7034
76647 -76
-9 -82583
-1733 1772
-25830 90188
-6053 -3010
54 -84
-1146 87269
23417 1511
98401 2594
-67732 24619
-72136 8532
-19176 65148
-6990 5675
-72051 -928
95151 55858
-15981 1844
39769 62710
0 -3516
-87 63819
7710 -24453
-58 -17413
-40516 4441
6011 -56
-15763 75390
9617 9670
-65 9
4644 -73
80 -75
8 -5252
-32589 -83
97 -42645
9378 -32224
-39724 3004
5853 -72
-83502 98
-92039 -22008
373 8
3830 46
-8626 -8065
-40 76084
3973 -46778
48239 -46
-4369 -17545
-2120 96
71 34
2666 -45327
89421 -7089
1 -50
-22097 -61939
-78 -55
-33 5276
-62859 50
4106 -56224
5102 52111
-66910 99126
0 -62
-1747 -78
-8630 54
-73693 759
9155 77
-3910 98518
79802 96831
4139 22
-6360 94
-20 7858
-74 40412
48776 -710
51832 21571
526 -76
36682 4964
-2 6336
-21 -17291
51250 -64
-33 -2139
7059 -4667
24292 -32
41231 9205
85176 34842
-60 -19276
-3800 -244
-24040 -82
9982 53
-7 6759
3134 -68
-44515 -5219
1971 46
0 -873
-53 33
7850 -66435
-2422 16035
98 97
-206 18
-58 -27406
91767 -84
-62918 14455
-24 1997
67746 -51995
78 -6381
-11 90
-79692 28160
-64053 -13
-98 46434
5156 -2265
4434 -88329
-3595 -68
16 92920
-9695 3265
-94959 -8279
-8218 -75661
96688 9863
89 68878
7680 132
49 1191
-34945 -6162
-4286 38947
86849 -77025
65 49268
53762 -22086
62 98944
-52411 -87060
-75070 -1319
-92268 4295
62232 80
-54 -3106
-44377 -24
8988 -62233
-92 98
-78 -10117
-84661 87
78 -68
-45 2973
53033 -13
62 -84
65768 98
2566 10
-71132 -61180
34713 79
69 58331
-19038 -35
-22247 85
2851 96353
98 43
38693 2169
6013 72
3147 20
-72 75
6490 -12612
69 3
-10 -37
-87253 1173
8358 -11857
7630 93343
-61 -37443
-53 5307
75 -21
72828 74
-96510 -95
-8808 23115
77263 78
-4014 25117
-72017 79
58 55882
-51567 6154
-70125 45676
-9750 3656
-54 -3721
40652 -2467
78360 -41
2452 8630
72284 -96
-44 -5237
78 -66
-15071 -17917
-92676 -43754
50639 -3844
-11208 6762
-20 47622
1097 -593
64 87
16 70
8200 -99666
-27 47321
35 32
71 -22141
88072 27
38961 -754
-55621 26
4034 2903
-1502 -29590
-86 -54433
-89934 15356
94 -90
32 36741
-55 87822
88117 -3136
-227 -2423
-74155 37606
-19 -22182
63 -59968
74693 -60
-87038 93
6 60
11 2467
-590 8296
-1874 57
-31 -89
-53498 -29
6547 -9126
-89 -9517
4785 -6131
-937 337
-93790 -1644
-3199 30663
91563 -18
-76 -4793
93359 7307
8063 8506
10 94
-89463 -2491
13 4791
-402 -89
5481 675
-22 -71121
-56905 13
71 58
-3232 4280
52059 95
-284 47320
38 2817
828 9604
9090 33579
-9560 -21
91 -19890
-46113 92
-95 -73
-7969 -4846
-12 -88
-80 -52975
-28742 9885
5313 -29
-14792 -63
18438 -54
-2029 23
73591 -281
4 28
-6192 -69317
-40188 30
39 1271
-33470 6164
45 80
-60129 -74249
57603 -76
-32 36001
21 6168
2394 3907
51295 30
80593 31852
-95 -4069
91779 8198
36336 4611
-30 55
5246 -31
32 64571
9783 -48526
-56 -1684
1504 -29573
95 22
-7037 2275
-50 -93
-4917 -2863
-69 -47
43 10
-5939 -5874
-24 8688
-94975 34
-171 28421
-98070 4740
90 40156
-33 4651
-27436 96
31 58298
-79423 42493
6284 -15692
-38771 -5898
63266 6647
-2355 89604
-6811 -46883
43730 75
-63817 -4267
-4938 54
-64 -1522
8412 26766
-11192 72
-3668 -3845
-4619 4894
85 9005
-30 -7299
77626 61619
-3785 6029
1966 -5481
-98 0
62916 57978
-82 53
-7348 -78324
6569 -606
9860 -81
22 3805
-95066 75
7608 39306
26 3851
-36848 -44
-100 54550
-75804 -7669
-67218 2863
-64086 4345
63280 71
8030 332
53 -7628
-51 -59
67121 98
5564 -8987
18 -86125
-29 91119
9863 61043
77511 -76
4613 -74990
-66 42
8548 96776
55232 -48
4067 9866
55 9121
-33274 1417
64616 9158
-685 -54336
-68 84
75731 47840
25903 42
-83 -86
10801 -89759
-1272 51
98 9792
57 3509
7177 19440
75270 7965
-2420 -20498
7372 -7314
71 -93205
62 7045
-4525 2789
54 -5
-55 7175
-54866 5885
-22 32
8229 31979
18 16
2326 -1610
-1981 32177
2362 38992
-1657 -98645
-6302 -42770
-2896 93
-53029 3017
-869 -41229
-60820 -4848
9131 97
-6555 36
-3678 82
37 33
43200 -94
698 85
-92 -4632
-41317 -67226
85 51
-1303 22
165 -26366
-88959 5236
-70654 6367
-442 90
3 -75438
-71779 2634
-30 -5776
-8421 7067
36 43984
-38724 857
35632 -70
-29685 80
8702 59590
-97878 7243
6292 -46539
-39348 -14061
-7582 -40228
82 81461
10177 2
-33011 58458
-1313 -30
31611 -3465
-3112 -9537
98 -51
-22965 69408
53 -71
-3098 77
8856 1
-50230 9617
56 -1393
23 -73605
-4356 31722
2452 799
-912 9051
-232 42712
-50 14474
3274 -99647
24275 31599
7380 19481
99044 -943
-9587 -9543
-79 8
4918 13
-83 9447
-97 62061
92022 98
-75 -53
64836 -23
53189 -1217
-37248 -69
-2921 -41404
-95343 15717
-93 20
38 1
59316 -32
17 8518
72000 -54
-49 -87
9896 2622
-51 20234
65 -38499
-90243 -32543
100 7825
-35 -73
-45 32
95321 6173
-4244 -4022
-66 68
41828 52044
-33 5687
35588 3289
-7796 -9
-515 -7346
8197 9844
-90 51934
-32 -66
89679 6346
25 -92301
-78 -93998
-9783 -8746
25 74118
-90 46
-7784 4144
-21758 -55
2 -7
-6042 97
62037 -1
-2506 -60
-5584 -8501
-33128 -37629
-59 -20420
51845 -51241
0 29947
-8899 50967
35 -4064
-6687 -6
-6847 -1362
-62 85
-2405 63353
-93675 4826
-6593 1162
1582 -5277
-2570 -26
-44865 -6616
-4706 -18174
-525 8236
38502 -99679
7938 -63453
-8010 -80073
-12 41
-8492 -3327
90 35
-8382 19562
-79 42586
-58075 -25
-64930 -86026
-13492 59568
-98 59
4803 14
-79 17974
-66104 78346
27968 -5
-48491 9835
-1071 -23655
-4911 -20
941 -50691
-4198 52
-25369 -48210
-56 85727
27 5776
23 9449
-50626 -5921
-7723 29
-88 -50316
77 -6426
11823 -49
-8674 35
2499 -8270
-57 -3095
-35518 63
-13724 -92
-2713 45262
55 4487
-8257 77
-84108 -3849
-91994 27858
-13021 92
-52 -63840
-95 13
-79956 21
65 -47
1795 -15
-30993 6469
91 -6426
4721 -63745
41386 11136
47490 -63
37402 -21181
41984 -77433
57 -67160
-38442 -62
84640 -31
-12936 543
377 -87
-16650 -88
-16 29
-79022 -2
92663 4249
30187 86
-4939 -2836
2208 -5471
-90 68215
22 3
-2958 -2
62927 99297
-24 -2493
-5895 -4889
55479 3134
-5875 -40769
4670 -4185
-69 -26778
74 -30
-3920 -6882
-49243 32
-62 -4597
69180 -70
74 -79864
-896 -45379
5079 69232
13 53645
54 954
7813 -59691
96658 91
-9113 100
1283 -70
-43248 -21424
56724 68172
958 1612
-19 2697
-24982 -100
-7327 82673
-5442 -81
99868 1825
26 -70
35379 -4169
36890 -5281
-66893 25730
-40 -9991
-36615 -31
-67 31
-58 -8587
-7490 -22
-5895 64
8347 -43
-88581 1421
41133 -37
-71 -48296
27077 -81
-8506 11046
8 -66870
5004 -8012
32363 -8668
38533 -62016
-3554 1926
26616 -8642
8699 6186
-61703 -9592
90 9350
19 14
-7453 39124
100 32
93908 70
69029 15
-3709 -24686
-6138 9746
7050 92318
-3023 81696
56 -26
77 57026
-88 65
25 -19
91 79
16 -2183
5006 -5094
-75 49027
-49 9879
4775 -2415
-5728 44
-3171 43
9762 -616
-5701 -5007
-30038 8462
4999 62
-8811 19
-88 -13366
-8710 -9897
9382 -9730
-51 9992
-8786 -58659
-8754 -1519
19091 6473
-94 2437
10308 24
9294 8031
90180 -88632
8334 40199
-64126 -5828
-772 44878
65771 3490
-71 -2545
-36233 9965
-2497 -80132
-58678 -84
-39639 90
42 71052
50737 -94767
95425 -93965
24623 -7154
-54 70
8341 -7081
-6185 6938
-44510 68732
-49 -42645
-67681 -91
28 27
19349 -34895
-89 -34534
-20536 57026
-9756 -17
-69 -7054
-2 10044
6 -4269
16 -18004
-66124 35616
3255 -40527
-3406 29975
-33 14950
61 -2835
2578 2887
64662 9571
24 76
-99 39597
9752 11
-50493 59476
-80 -37
28450 -90172
5529 -78
5901 -9163
-10 8
-5273 108
7542 -7106
56377 -2459
-33 9627
-51959 -74
-63592 -94002
-83 -5134
-42713 81
-94694 -12
-69872 -67563
9745 78
-8449 -50
-97 86713
-100 81463
-56165 -8
63 -9479
-4099 -69304
58 -4462
7270 90
8088 2181
91711 -65839
-7363 -13
62 -84308
-26021 -9552
58035 -7478
-3949 20101
9111 48
86305 62799
7336 -73
-49721 42404
9441 -9961
55558 92806
-8924 11
-9 88
-88584 -23737
-40902 11002
47742 3221
9 4141
4224 8933
1442 9886
41418 65380
91089 -56
-3961 7191
-75928 -24
-21289 4587
-79 -4417
57 65781
6123 -4961
-18459 55
6209 -35
81810 -9406
30076 2433
54984 9008
-9661 57821
-6913 -16
60 10
-3063 -2224
-73 -26627
59135 9832
8928 -2399
3020 -43471
53 6358
9521 74
-28 30383
-5438 -38161
3436 -7372
-98894 84
9751 26
-72 9275
67080 9869
-339 49049
-13015 33773
-64 7152
-2235 60
-50426 -35334
-8416 9
25646 -8427
89583 81477
39411 81
5993 6998
9665 43
54822 5924
-22750 4123
-43 55173
-9125 -50152
35559 79
-570 24431
1758 -95787
-44 -5380
-7959 -6314
2146 92
48 55532
25 -62746
2431 -3981
69541 24413
-71 2
25 -31
-619 -4632
63905 73515
1744 -58
-1047 76817
59 50
30025 -89
1817 46323
8751 -12754
-47634 -2675
7 -7046
4874 99498
-4 4382
-94 -52
67 -74
5 -32835
34695 -82
-34 46738
32 58
-73632 8689
-24613 75
-94 12421
30 9436
90 43339
-9956 89
-49880 -51
-92 -94288
15 -13307
3310 -77
-88720 1
-3240 10238
-37722 -61
50 73
95 8357
793 3082
-36510 35579
100 -30859
5085 -4791
-39734 -4271
5503 86
36051 14913
100 -51
70803 -97401
5085 -78916
-79 37
93960 -8999
34633 66460
2 -14880
86 -892
-9218 2352
8422 2528
-6218 -22207
-5287 -21
155 -25315
-86 -29
-95889 -33
40603 4999
35823 99
34 35225
-6363 -72
-87 84
89414 -42
-61890 -53814
7329 -39318
-11 -89234
8254 4756
69 92
-38 90
-17 -63404
-22273 80321
-92 -67
51702 3446
56 85189
92848 -14
-85 9130
50 -31
21 -5767
-41 4750
65 92196
71 4183
82 -4
-657 -12207
-28758 80
24 35558
26881 13712
3123 -5775
4484 -2789
60 93
-61376 -71563
273 -5366
-70 -61962
-76 27199
-92 -9958
-75 -272
74 -2900
-7341 57
-29762 -64879
92050 -77
88 -6954
-60527 -31
7166 -84996
73 0
75 7378
17897 -63047
88660 -8522
-45 80
-17650 -7468
-60538 2125
10745 -2288
-1938 -2373
-3970 60
-762 -98
95 -55083
-48017 66275
-2889 -526
-56 75
5984 25747
-12900 -1954
88 -74383
2399 9289
69 5898
-83 -1115
9087 12096
25 23124
-32409 76967
46 96678
2769 -3769
76 -99793
-51531 61619
5187 27169
2170 8366
-94 8569
-7047 63
79633 62336
59180 54147
-56348 -1840
80 -87
100 6423
-36878 2527
917 20647
-25064 27358
-3520 -51267
-32999 -60
99 -91
-14812 -1019
-30 91
-20362 3656
4392 -288
-5591 13
89033 7479
2783 7316
-700 -80360
-57718 99
-65040 -22683
-67439 21
1443 97
-28 -12959
-13 71014
-7920 -6043
44711 -13908
94489 25777
24618 -2412
-5390 79
5098 -94022
96 9590
-83 -11
-4004 -68589
-9 -6441
8948 -2380
-7659 -45
3445 -5367
6938 2674
-99 -23
27561 -4990
26639 58
-1725 6715
9418 -8683
-94 -9208
83821 -8567
4559 18409
44 -53514
-3292 78136
-28 3494
-48 56992
8477 27985
-7526 43888
7182 -45260
60 46
-2 -83
13674 58
13776 79300
-37673 -32
-81425 45709
-7432 -84960
-7823 15
51847 -77773
85016 -91754
-1190 95
-69 -32236
-71449 -36
-791 8852
-10561 50336
-572 41136
5690 8105
-9210 -176
-17589 77026
62043 -24577
2783 -2669
-100 29
-7841 95195
11 -74545
26 7202
4736 -18
16478 55256
-3988 73251
54989 77485
4466 8476
-84 -94445
292 -53059
-33142 -65
-6773 -25367
-55 -6608
-9361 -98
76 51982
1602 -6461
38 -15085
28 -12
-7397 81038
44 -78
-9507 -1
-48227 -74146
23 -1100
74 -6175
60 92456
-78195 -54
25000 -82856
34623 17287
48134 -50
-27 -44063
-7 -33
13040 -34668
86129 -44477
64 4999
-42 -94
-1824 -2352
4218 8860
4346 3152
4653 -2792
66601 -82535
1140 -54482
87 -54
61 2012
11173 49
-15945 36249
37 69064
68 6
872 64615
4868 66
-34766 79
9432 -17405
80465 88139
-2529 -96
12 -26577
47 -78636
-25009 73
16988 -89
50 -10
82572 93199
-4536 -6703
-16252 5600
83 -62
-5026 -7335
-63 -4588
-27 57110
41916 -11
24 -50295
24 3685
44485 15
73725 5110
67853 6889
6774 -10
85216 52
-3812 9459
-1350 -59333
96 75
-1789 10926
100 26309
59134 -75152
69351 12014
2178 -2398
-36 3275
-88071 1581
-3042 -36
-76095 878
-78507 7703
-88 28
-4623 80654
-4897 -74272
96392 -18
93957 -77
-88693 34423
-42 -43741
-67266 -22389
-26346 4250
1508 -6784
-2 -17572
24206 -9872
-7973 7939
-83684 73
91935 2701
-4824 -80740
-44420 81
-59 -5613
6981 -2605
-9028 67
3549 40781
50148 97
-4721 -5651
-24 -7658
17 -32334
54737 5757
67980 8619
36 79316
71 1466
-44 29065
3703 -80
47334 -562
-21 94438
-74259 6797
7465 81769
74 -20765
-1810 64
-10 45321
-5487 -887
4988 -23008
52 62303
2470 -21857
-8247 -139
1000 30175
-78509 -65191
66 -4210
27 8045
-84437 -6428
-94 -9279
2957 4287
-5499 96655
-71 -1588
427 -77125
7457 -25594
-34 7171
-1883 3200
-2110 72
54899 68411
15886 -6584
-9503 -47
-90 1581
-92 21089
-9172 -5289
35 -71162
-41 -8120
-37 -8
3643 -30
73 -57
1025 -7576
-14 -25
66678 -34241
2862 16076
-10 3230
5231 -99756
1002 45
-59532 6119
48660 -87
-56 59
-91444 -2135
1 20
-81929 -576
-55 -62
53010 -4572
5836 -62
-95392 -40309
10 6357
4420 -83
-8710 3098
-54 -43074
-358 64
-6406 36264
-40719 -906
-7801 -85
-85287 91
4472 -1602
-6462 4621
-54788 7144
27553 4191
60826 -5797
6554 -82
75 71
-85678 -67817
-24 -3542
-33142 -5965
-33 1059
50 83
975 -3205
8862 -1750
50 90
-81459 -81615
41956 -14
58 6427
-9101 -68
-48454 -6902
-4552 41
-3543 53
-60 -1
56 13612
4423 17981
12325 -7921
-6455 -74683
22 -28362
-98971 81
-56 53
4574 51
-1982 60
-100 -59440
-78099 54956
8497 -674
879 -98
-8326 -40673
-73 -26143
7679 -407
9338 9366
-7401 -74
-6075 3071
5751 13
1331 -59
-55117 -78097
474 8028
3 6301
-91201 13
-2225 12934
-4741 -5917
9751 5566
85 6146
53 6584
8406 -2908
39 -19
-21 -84
77 -5848
-6824 89
91417 -4779
-91681 5634
-6088 -38
47428 64997
49978 -8842
5757 -8219
90 3939
35 -73
-83879 -11390
-9234 61
-7056 1065
22317 41826
-71 -76442
4 10217
-57850 61526
83817 81400
65 32190
45367 -70496
-15449 3221
-4262 -82
-5545 3563
86085 87396
-51 25277
-1461 20
69 75436
-1568 -9416
-11 -56347
-77 6217
13953 835
-43285 -9476
1306 91
-7244 63
22 -43
32 -10
-50 34571
-2274 2521
-62643 -7
7207 -35052
92150 -35880
50 6
-51 8218
-34 9782
5167 -31853
-38240 95
-26114 -37
58648 -70913
-1126 -74
2288 62
53 -7545
6575 7223
84 45990
-45 45
80484 92350
-1398 64039
2196 54218
5344 -16969
-1259 2182
63637 43472
64 4608
8934 3675
-6940 82
-88719 -79
1815 -3692
7515 14233
-21 0
50951 63
6143 97706
-72 63988
96369 -85
3705 -985
73 27
-41 43728
-31637 4486
-731 50
9285 -20
-70194 -35259
85427 -24
1795 -2
77692 -42
99 -63592
6755 79
38 7
-75 -2379
6667 8550
6430 40553
-13249 -37524
92850 5550
98814 44592
5108 7304
62 22
-89501 6220
782 -3985
42 -4097
62 8306
-26048 169
25 1034
-1934 -93201
-49 -85131
81 7045
-9583 31363
-8852 98335
5463 100
7928 64
73287 -70
16 -21361
3050 -7037
62949 -89
7006 12
7574 -8047
4427 -3390
8860 7214
3778 -84645
-6386 1233
-70870 16483
-15546 155
-8090 87
36047 -3402
-57 73407
59856 -33
-304 -8155
58 -52607
-40116 -83026
4002 60
-5079 4731
61 -17692
-6825 65860
-69236 2067
0 -4515
6504 -22725
23151 -96318
-3934 -66837
-21090 -69349
644 -12279
72281 98
97 -69052
-78 -19
-14 -39345
3 -85
-9838 8455
-13 -17811
-29947 89717
1079 55107
-78073 26615
0 -96987
16 -8799
17 -51917
-49 6012
78780 -914
-93153 85
-75199 -1528
-46138 86
95331 48011
-54704 -96854
5540 4744
-8 37
-3243 -82
-84 31
-84 79
-4344 -21
81140 -8727
-3940 12
-52 -1066
25677 -48468
-70 -61965
72807 77
-8484 42
63233 5835
21187 81
-1035 -16187
-20819 -7380
-1067 63733
-3431 3560
-4867 -82472
9563 70967
6495 26258
1 8385
37 15454
-304 5060
-2694 -14
3555 -7838
90379 84
2397 -10535
4960 -2732
63 73226
-8247 -51185
-18202 -100
8756 86108
-4466 27043
-22 3
-37 -62
96674 5983
7 -18
-4319 4403
-22 -47
-9498 -18
-3355 -8
893 -31498
-99 -4175
48699 -49
-5210 -8020
-4300 32
-50 7263
50044 -76924
32 1629
-9978 53
3280 9720
-98 58
1058 8347
-2471 -13493
-8276 1225
7640 69
-87378 96
2464 94404
2955 46785
-88431 65966
-23586 -2598
-73 -9696
-56990 7147
-6122 38
-1842 49709
-22 43550
-10 -72
64 -75
3352 -95076
8330 -87714
1448 -11
72131 -2430
-45 35
97 97
-40 -53105
4118 1735
81 -90
-3733 15
-6184 -7137
-7819 29
99 56014
9084 67326
-81983 -8294
82411 -56562
-68 39196
-12059 -46632
33 32
-73 -21329
90711 39
-7817 -21910
22217 90
-69674 22
4318 17
-9541 93
24864 11949
1058 5399
2039 58
75 4315
91758 55
-89 -73
87515 -81
61374 91653
2 7065
-14 -3345
-2416 -48285
-80 93
-14223 -107
36107 -74301
16 9
-8145 101
51 -7618
-99542 -42
32944 3205
17 -5991
-4764 -9617
50404 -2584
1428 -50
1512 -96905
715 15714
28651 -4584
-91 3093
13 -932
3205 -5123
51765 9149
48 -14237
-67083 171
53 -18633
-100 3076
612 -43
-59 -8159
-55982 93212
